temp
   0.0000000000

vib
0
0
0
0
0
0
0
0
0
0
0
0
0
0
0
0
0
0
0
0
0
0
0
0

dist
   1.0000000000     0.0000000000     1.0000000000     0.0000000000
   1.0000000000     0.0000000000     1.0000000000     0.0000000000
   1.0000000000     0.0000000000     1.0000000000     0.0000000000
   1.0000000000     0.0000000000     1.0000000000     0.0000000000
   1.0000000000     0.0000000000     1.0000000000     0.0000000000
   1.0000000000     0.0000000000     1.0000000000     0.0000000000
   1.0000000000     0.0000000000     1.0000000000     0.0000000000
   1.0000000000     0.0000000000     1.0000000000     0.0000000000
   1.0000000000     0.0000000000     1.0000000000     0.0000000000
   1.0000000000     0.0000000000     1.0000000000     0.0000000000
   1.0000000000     0.0000000000     1.0000000000     0.0000000000
   1.0000000000     0.0000000000     1.0000000000     0.0000000000
   1.0000000000     0.0000000000     1.0000000000     0.0000000000
   1.0000000000     0.0000000000     1.0000000000     0.0000000000
   1.0000000000     0.0000000000     1.0000000000     0.0000000000
   1.0000000000     0.0000000000     1.0000000000     0.0000000000
   1.0000000000     0.0000000000     1.0000000000     0.0000000000
   1.0000000000     0.0000000000     1.0000000000     0.0000000000
   1.0000000000     0.0000000000     1.0000000000     0.0000000000
   1.0000000000     0.0000000000     1.0000000000     0.0000000000
   1.0000000000     0.0000000000     1.0000000000     0.0000000000
   1.0000000000     0.0000000000     1.0000000000     0.0000000000
   1.0000000000     0.0000000000     1.0000000000     0.0000000000
   1.0000000000     0.0000000000     1.0000000000     0.0000000000

freq
 311.8800000000
 406.4000000000
 591.7800000000
 698.4800000000
 756.0300000000
 776.3400000000
 918.1200000000
 959.2800000000
 967.3500000000
1005.5200000000
1010.7700000000
1061.0700000000
1135.1800000000
1224.5600000000
1242.3400000000
1334.6900000000
1404.8800000000
1466.3700000000
1530.5700000000
1572.9200000000
3137.5300000000
3138.0500000000
3148.9900000000
3154.1000000000

nmodes
24

npoints
500

