 N     7.0        -0.78799659164056         0.44225076263936         2.42707478046293   14.00307401
 C     6.0         0.89906902503971         1.75518882810037         1.39904114372657   12.00000000
 H     1.0         1.21155023337670         3.87446011049882         1.73792336194135    1.00782504
 C     6.0        -1.67775453789940        -1.55215177369171         0.78842538478753   12.00000000
 H     1.0        -3.10283543943273        -2.83002274525621         1.28368185580848    1.00782504
 N     7.0         8.57480618247755         3.63241336810191         1.20216896561530   14.00307401
 C     6.0        10.51710407357252         2.04665599389936         1.80312612747273   12.00000000
 H     1.0        10.14537886494425         0.75586852469796         3.32201445073407    1.00782504
 C     6.0         9.19077147683946         5.00089393340964        -0.71530122567945   12.00000000
 H     1.0         7.40975484210667         5.95176435467369        -1.21357556347273    1.00782504
 N     7.0        -5.62609617394965         3.61974705163147         6.64855499644314   14.00307401
 C     6.0        -6.75861830715803         5.23997290684297         7.76754515211948   12.00000000
 H     1.0        -8.43092099983503         6.14746240848564         7.53031755649556    1.00782504
 C     6.0        -3.72517421159319         2.16669191566525         7.49709558555686   12.00000000
 H     1.0        -2.88276668935694         1.09197506405982         6.08090674608210    1.00782504
 N     7.0       -12.73568251072227         6.82051768171424         8.47545692245514   14.00307401
 C     6.0       -14.66833740988833         5.33395909642359         7.90133529772641   12.00000000
 H     1.0       -14.84063952132704         3.69083144152501         6.75913046093278    1.00782504
 C     6.0       -13.59988709832650         8.79028276151135        10.02521745856923   12.00000000
 H     1.0       -12.18297668235554         9.84153481729773        10.68961049095201    1.00782504
 N     7.0         0.52090717859104         0.12731839009774        -2.59680937170185   14.00307401
 C     6.0        -1.27174398555964        -1.50715086220414        -1.66006019699459   12.00000000
 H     1.0        -2.40478217671080        -2.24244755501185        -3.30518661600490    1.00782504
 C     6.0         1.70612485040985         1.54267188825090        -1.03130142975729   12.00000000
 H     1.0         2.97109406502805         3.16686445881441        -1.67787994523501    1.00782504
 N     7.0        -7.91963737693415        -3.66880242552433        -1.38485129076833   14.00307401
 C     6.0        -9.53565442772512        -1.86922902304686        -1.69254895059332   12.00000000
 H     1.0        -9.15631040384939        -0.34242586050162        -2.78492074915453    1.00782504
 C     6.0        -8.55487258917785        -5.44952857316613         0.32099005010786   12.00000000
 H     1.0        -7.09274442797834        -6.77583300303644         0.64288190373356    1.00782504
 N     7.0         5.42521911672974        -3.22503428706639        -7.04672974861216   14.00307401
 C     6.0         6.55189594832655        -4.96491859575898        -8.55911873943766   12.00000000
 H     1.0         7.78999828778920        -6.24226089851987        -7.98501029938213    1.00782504
 C     6.0         3.61817331195783        -1.88893016119442        -8.01936186731282   12.00000000
 H     1.0         3.00754257449728        -0.01657764256091        -7.38657664520442    1.00782504
 N     7.0        12.93401964362409        -7.39624112082798        -7.94121755147393   14.00307401
 C     6.0        14.70022854099732        -5.51681780586783        -7.56447683886370   12.00000000
 H     1.0        14.98412662904357        -4.60972798131143        -5.82779355919794    1.00782504
 C     6.0        13.69366449495166        -9.31045990830886        -9.54051545337590   12.00000000
 H     1.0        12.20868026805339       -10.55890570536162        -9.94588385704182    1.00782504
