  -6.2922628390046800E-004   1.8291833654350388E-004   8.0752434019042358E-004
   6.8436674133355401E-005   8.6705542578607048E-005  -2.9809520134057351E-004
   1.1609929545567984E-003   5.8967528838130181E-004  -9.8326377971356374E-004
  -6.4880674809791731E-004  -5.6042736567366350E-004  -4.3557719468185666E-004
   3.9527181831970198E-004   1.2559456745452478E-003  -2.5947309668296115E-003
  -2.6410835143891273E-004   1.9907244841722667E-004  -6.4085531286822879E-004
   2.7745752648620202E-004  -3.6179368224171241E-005  -7.7316760740108646E-005
   9.2284519108251444E-004  -9.0128734104078347E-004   1.7929736838009547E-003
   2.7087395235831881E-004  -2.0300645595212614E-004   2.6581349423119964E-005
   1.9407326318092058E-003   1.4121934909907860E-003  -5.2195328564697680E-004
  -7.1668429857987522E-005   2.9192604537418046E-004   1.7884524890615658E-004
   3.9543226518946959E-004  -1.5764773322493893E-004   9.6117429328276843E-005
  -8.9440353553485138E-004  -1.6033062171373188E-004  -4.3995150975479280E-004
  -6.3075343113888052E-004  -2.2678191503846021E-004  -9.7478624767730054E-005
   5.1439084945053973E-004  -2.2480702574698857E-003   6.1968280612641311E-004
  -5.1640103079440207E-004   5.8693301687460443E-005   1.7733079927239397E-004
   5.7332737171574607E-004   1.0403928890838928E-004   4.2776863679416582E-004
  -8.4600305791567064E-004   2.4474276358023976E-003   6.1415946631889016E-004
   3.9517393337641784E-004  -4.1835147939137140E-004  -3.4032132782572673E-004
   3.9814102982060982E-003   1.3686899098629289E-003   3.3256910526065567E-004
   2.1966049170293807E-004  -4.1450636748151274E-005  -2.4059978840455001E-004
   6.6150506740755553E-005   2.7913665797368707E-004  -1.5231729179663721E-004
  -9.8816465044807749E-004   2.1077991238535980E-003   2.2376164787631923E-003
   7.3876032076171914E-004  -5.1498576475458944E-004   5.1141812995314506E-004
   2.4673698736457626E-003   3.3105902969075766E-003  -1.0794038380738840E-003
   1.7296172758748333E-004   7.0552727854527326E-005   9.3234960162750545E-005
  -1.6812572277655636E-004  -4.4796052522271912E-004   4.1691441818746301E-004
  -4.1037506662269059E-004   1.3161952545200634E-004  -4.4378851203888062E-004
  -2.8677161123154092E-004   2.4999886772664729E-004   3.0054729043149916E-005
  -9.2879740013064160E-004   2.0126507931170134E-004  -2.1088034850348112E-003
  -1.0423601218680108E-004   6.6474767214663906E-004   2.0481757681607992E-005
   4.6333770533260582E-004  -3.6992354571748848E-004  -6.5657583524126315E-004
  -1.7997946083503065E-003   1.6818263294882457E-003   7.0761811178559350E-004
   3.5397480956176014E-004  -3.7803423822677584E-004   5.6215962385235574E-004
  -4.7361175700609396E-004  -3.0663857422972093E-004  -2.5904746236282907E-003
  -6.7213210981908710E-005  -1.0859974066176325E-004  -1.1598721080498570E-004
  -9.8062134894431083E-004   8.9916799172163719E-005  -1.8609654628184025E-004
   7.0821476692435083E-004   8.3214077822479525E-004   2.1777463870602215E-003
   4.0985387926419287E-004  -2.8732952622728041E-004  -2.2258102567480496E-004
   6.4694926542712403E-004   1.6023818386102563E-003  -2.4318519484894507E-003
