 N     7.0        -0.10151849181673         0.55102096502254         2.49545848168478   14.00307401
 C     6.0         0.92081249126952         2.13768779587465         1.08453563304740   12.00000000
 H     1.0         2.09407980403807         3.76915407527063         1.49716818031671    1.00782504
 C     6.0        -1.09951831790234        -1.38643586900896         1.42832290806641   12.00000000
 H     1.0        -1.57068020125810        -2.89310658533900         2.72685188737729    1.00782504
 N     7.0         9.46841996542356         3.78025680550473         2.55315919532060   14.00307401
 C     6.0        11.32906117157600         2.07162954752268         2.23272926749404   12.00000000
 H     1.0        11.93921444976736         0.57346569946133         3.61907790017227    1.00782504
 C     6.0         9.05946879225475         5.23764891785111         0.49510044191919   12.00000000
 H     1.0         7.62318593871938         6.66846627106771         0.45611840052930    1.00782504
 N     7.0        -5.37275764326949         3.39093077685390         6.79482761288498   14.00307401
 C     6.0        -6.53805101573797         4.97743171716676         8.22129575643868   12.00000000
 H     1.0        -8.39992471880064         5.52740062803979         7.35157236623701    1.00782504
 C     6.0        -3.34345681226331         2.21418766130178         7.65011811609947   12.00000000
 H     1.0        -2.26718751911814         1.32711994696968         6.26172069984276    1.00782504
 N     7.0       -13.26148510444014         7.52126216914364         8.26805470813163   14.00307401
 C     6.0       -14.51221345450678         5.47946019925073         7.65966103973317   12.00000000
 H     1.0       -13.79734277702978         4.07528817900706         6.37417779130139    1.00782504
 C     6.0       -13.81609480333584         9.38093779155317        10.13839870814826   12.00000000
 H     1.0       -12.49404635210422        10.52907383006063        11.07751371218624    1.00782504
 N     7.0        -0.92633980063183         0.23151616108989        -2.94979713212353   14.00307401
 C     6.0        -1.83871213322268        -1.37731421602486        -1.19919889712698   12.00000000
 H     1.0        -2.53809841645647        -3.01869169290949        -2.31508117514158    1.00782504
 C     6.0         0.65244199042085         2.18507635389220        -1.74822424104438   12.00000000
 H     1.0         1.08035109076504         3.77099174375173        -2.78338888004426    1.00782504
 N     7.0        -8.89417992961979        -3.98453585770038        -1.95943680604478   14.00307401
 C     6.0       -10.45428767114861        -2.16092978282585        -1.67186403507044   12.00000000
 H     1.0       -10.94211360862546        -1.05707479080064        -3.11609971164702    1.00782504
 C     6.0        -8.63142124014449        -5.52117878747320        -0.18969126861545   12.00000000
 H     1.0        -6.78324323660703        -6.81888684566178        -0.45074218195674    1.00782504
 N     7.0         5.44211998554360        -3.29835811837362        -7.01709542782741   14.00307401
 C     6.0         6.37666109774556        -5.23144604091518        -8.19782943185078   12.00000000
 H     1.0         6.94622712071865        -6.89094453791204        -7.17752996748778    1.00782504
 C     6.0         3.82949984866401        -1.43571762382171        -7.89068733334115   12.00000000
 H     1.0         2.98246788771535        -0.30398949591889        -6.43647782649839    1.00782504
 N     7.0        13.29682721668428        -7.63517757456117        -8.02119077161202   14.00307401
 C     6.0        14.70347630445489        -5.76253021369587        -7.34192991250412   12.00000000
 H     1.0        13.77386928789586        -4.90283633490881        -5.75273490668063    1.00782504
 C     6.0        13.94376607015725        -9.31640940221602        -9.67430602200561   12.00000000
 H     1.0        12.52279462835606       -10.63373481432147       -10.76701850802383    1.00782504
