   5.6534924965019730E-005   2.0470752625701528E-004   2.7597729689089929E-004
   4.1705506117111071E-004   4.2019627556657733E-004   3.2240654325892240E-004
  -1.3626140123124664E-003  -1.4526853244576207E-003  -1.9391554878929367E-003
  -4.3909611745875408E-004  -1.4475925417762543E-004  -6.1600654925856831E-004
  -5.0751540509590227E-005  -1.6771401000923746E-003   5.3342830450934760E-004
   4.5712461802231773E-004   9.2327836288674560E-006   2.4614707302793456E-004
   8.2412923874982096E-004  -2.3513483531371510E-004  -5.4353849012005076E-004
   7.7114930987227069E-004  -1.9888494602893133E-004   6.9436936190480562E-004
  -3.3624754852483267E-004   3.0875229155169769E-004  -6.2496253144684385E-004
  -2.3816874432937207E-003  -5.4248142197811200E-004   5.5466665511881271E-004
  -3.0862444712355055E-004   3.2521149968859546E-004  -8.6465694374501738E-005
   5.7618256611271223E-005   3.4150947006311727E-004   4.8858191775087896E-004
   4.4631181166308187E-004  -1.4272090535553355E-003   2.5543098011890611E-003
   3.1325009936167031E-004  -1.9614798476596507E-004  -3.9488867441898369E-004
  -1.6802881055698426E-003  -1.0073505431626611E-003   2.6133121297967857E-003
   3.6971346098918116E-005   5.0029228455257882E-004   5.8634946960001273E-005
  -2.4254605735802387E-005  -1.8571311518118846E-004  -4.3766028429370748E-004
   1.9189437953039045E-003   1.7553089650281799E-004   2.6303104483448356E-004
   5.7920900871026300E-004  -4.9399019505073200E-004  -4.9781147427984610E-004
   1.3807638107447547E-003   1.5271512418578396E-003   1.6908975039915704E-004
   1.4409925693353929E-004  -6.3511547911723108E-005  -1.7042215243858903E-004
  -3.0159550345227850E-004  -3.5128316605822135E-004   8.5648704448316722E-004
   1.5440144691504436E-003   3.5298003671021786E-003  -3.0590093444497415E-004
  -2.1727958567739140E-004   7.9743221224234856E-006  -8.4130335873147915E-004
   6.2573260267697977E-004   2.2578717205500960E-003   4.2232787002287626E-003
  -6.7297296744323856E-004  -1.2361659068511202E-004   5.0821568813856382E-005
   5.4727016513600871E-005  -2.1566864412886957E-004  -1.3821170725250351E-004
  -2.2676856474113027E-003   2.8503800015512435E-003   1.6110999484752855E-003
   8.2581994538219263E-005   4.4294832424644353E-004   4.5009692281054817E-004
  -7.8664745340180223E-004  -1.5353769094392318E-003   8.1304686132021014E-004
   4.3229277641247460E-004   6.5255071668551232E-005   6.9961083637471301E-005
  -2.2035969130210087E-004  -3.8033912175063490E-004   2.1100549003305350E-004
   5.4154038280593850E-004  -1.1629283863732894E-003  -1.1335568975929884E-003
  -1.3748286175073655E-004  -6.1011369696967988E-005  -2.8354739252110166E-004
   2.1160270093015621E-003   2.4268456898438203E-004  -3.0853734032937775E-003
  -2.1886022618804581E-004   2.6753073258622685E-004   2.1449341017703338E-004
  -8.1395506862076445E-004  -3.6805402159600307E-004   8.7132122652912390E-004
   9.0102521185287429E-004  -1.7636956932774604E-003   5.7561716341850075E-005
   1.8280596475027706E-005   7.0014875380057176E-005  -2.7867302706495673E-004
   1.8061828858792080E-003  -1.1614387496915346E-003  -5.6719685175885871E-004
