 N     7.0    0.09100583    0.08764353    2.62916828   14.00307401
 C     6.0    1.21646868    1.80926455    1.18383875   12.00000000
 H     1.0    2.16548894    3.36371814    2.12706612    1.00782504
 C     6.0   -1.23407852   -1.61332068    1.32332117   12.00000000
 H     1.0   -2.09755861   -3.14762169    2.37738391    1.00782504
 N     7.0    8.42540575    3.39185328    1.53686565   14.00307401
 C     6.0   10.26677404    1.69712025    1.83880876   12.00000000
 H     1.0    9.93842575    0.18432623    3.18659359    1.00782504
 C     6.0    8.92949743    5.09960953   -0.24025112   12.00000000
 H     1.0    7.59448629    6.64049674   -0.47013731    1.00782504
 N     7.0   -5.09438238    3.69853593    6.53068888   14.00307401
 C     6.0   -6.21784841    5.40552732    7.99844829   12.00000000
 H     1.0   -7.22415995    6.93607724    7.07437231    1.00782504
 C     6.0   -3.74896199    2.00648402    7.82749083   12.00000000
 H     1.0   -2.86286672    0.49313658    6.76013648    1.00782504
 N     7.0  -13.10032767    7.12275667    7.95858931   14.00307401
 C     6.0  -14.98459482    5.51381953    7.51396108   12.00000000
 H     1.0  -14.75527992    4.20997801    5.93459769    1.00782504
 C     6.0  -13.55838131    8.73865543    9.82961151   12.00000000
 H     1.0  -12.06107083   10.05514239   10.33818117    1.00782504
 N     7.0   -0.29005899    0.13853502   -2.74582713   14.00307401
 C     6.0   -1.58095135   -1.46711381   -1.30509473   12.00000000
 H     1.0   -2.93372536   -2.71990477   -2.22533668    1.00782504
 C     6.0    1.18921517    1.72478982   -1.47102884   12.00000000
 H     1.0    2.39401262    2.98636090   -2.57033681    1.00782504
 N     7.0   -8.27068513   -3.81893946   -1.35649136   14.00307401
 C     6.0  -10.16199610   -2.20833204   -1.76362898   12.00000000
 H     1.0   -9.96049537   -0.89910603   -3.34156899    1.00782504
 C     6.0   -8.69563378   -5.43632686    0.52186663   12.00000000
 H     1.0   -7.18920537   -6.75298539    1.00306735    1.00782504
 N     7.0    4.87878272   -3.50702575   -6.69665286   14.00307401
 C     6.0    6.12833088   -5.12572631   -8.16253070   12.00000000
 H     1.0    7.43065003   -6.43421450   -7.25049880    1.00782504
 C     6.0    3.41784163   -1.90016311   -7.97062957   12.00000000
 H     1.0    2.27015088   -0.59360186   -6.86628036    1.00782504
 N     7.0   13.09656185   -7.33331049   -7.84784727   14.00307401
 C     6.0   14.92984881   -5.63552672   -7.51669903   12.00000000
 H     1.0   14.57624527   -4.12031773   -6.17894022    1.00782504
 C     6.0   13.63201042   -9.03974934   -9.61861221   12.00000000
 H     1.0   12.30003167  -10.57905960   -9.87703454    1.00782504
