$coord
    7.55886096687471      9.84943598380451      8.88122959386299      n
    7.55883162867659      5.26837501962868      6.23657881768449      n
    7.55912419755646      7.62969444412450     10.06647221486019      c
    7.55864378243496      5.35199558993566      8.75154921737675      c
    7.55862579395604      9.76581529010888      6.36625907626864      c
    7.55910227060903      7.48811633169297      5.05133598643422      c
    7.55962788240211      7.66091904154474     12.11680161383819      h
    7.55823933720316      3.56082695142129      9.74981675588009      h
    7.55820300606902     11.55698402015818      5.36799169846658      h
    7.55968629421794      7.45689210758062      3.00100655532788      h
$end
