temp
   0.0000000000

vib
0
0
0
0
0
0
0
0
0
0
0
0
0
0
0
0
0
0
0
0
0
0
0
0

dist
   1.0000000000     0.0000000000     1.0000000000     0.0000000000
   1.0000000000     0.0000000000     1.0000000000     0.0000000000
   1.0000000000     0.0000000000     1.0000000000     0.0000000000
   1.0000000000     0.0000000000     1.0000000000     0.0000000000
   1.0000000000     0.0000000000     1.0000000000     0.0000000000
   1.0000000000     0.0000000000     1.0000000000     0.0000000000
   1.0000000000     0.0000000000     1.0000000000     0.0000000000
   1.0000000000     0.0000000000     1.0000000000     0.0000000000
   1.0000000000     0.0000000000     1.0000000000     0.0000000000
   1.0000000000     0.0000000000     1.0000000000     0.0000000000
   1.0000000000     0.0000000000     1.0000000000     0.0000000000
   1.0000000000     0.0000000000     1.0000000000     0.0000000000
   1.0000000000     0.0000000000     1.0000000000     0.0000000000
   1.0000000000     0.0000000000     1.0000000000     0.0000000000
   1.0000000000     0.0000000000     1.0000000000     0.0000000000
   1.0000000000     0.0000000000     1.0000000000     0.0000000000
   1.0000000000     0.0000000000     1.0000000000     0.0000000000
   1.0000000000     0.0000000000     1.0000000000     0.0000000000
   1.0000000000     0.0000000000     1.0000000000     0.0000000000
   1.0000000000     0.0000000000     1.0000000000     0.0000000000
   1.0000000000     0.0000000000     1.0000000000     0.0000000000
   1.0000000000     0.0000000000     1.0000000000     0.0000000000
   1.0000000000     0.0000000000     1.0000000000     0.0000000000
   1.0000000000     0.0000000000     1.0000000000     0.0000000000

freq
 351.3600000000
 436.1400000000
 612.3600000000
 720.6900000000
 782.3400000000
 805.9200000000
 948.5300000000
 994.5500000000
1008.2100000000
1036.7400000000
1042.3000000000
1090.6800000000
1165.9600000000
1217.4700000000
1253.0700000000
1377.1500000000
1444.7100000000
1516.7800000000
1579.5300000000
1614.0400000000
3148.6600000000
3149.9400000000
3163.9100000000
3170.2000000000

nmodes
24

npoints
500

