   -0.000116726   -0.000270253    0.000046494
   -0.000140826    0.000543429   -0.000367223
   -0.000082977    0.000455911    0.000237916
    0.000284803   -0.000373093    0.000196011
    0.000416829    0.000165862   -0.001857841
   -0.000174105   -0.000190407    0.000370361
   -0.000081970   -0.000022748    0.000312709
   -0.000954743    0.002787597   -0.002515094
    0.000045837   -0.000364353   -0.000192170
   -0.000799377    0.001267161    0.000131754
    0.000205178   -0.000285516    0.000207067
    0.000229205    0.000290841   -0.000285966
   -0.002211407    0.000792380   -0.001507630
   -0.000172395    0.000253923    0.000378327
    0.001207081   -0.002291087   -0.001310906
    0.000388196   -0.000006717    0.000037285
   -0.000430679   -0.000090960   -0.000042880
    0.000346208    0.000708968   -0.001727536
   -0.000060026    0.000377855   -0.000036409
   -0.001148922   -0.002405704   -0.000622494
   -0.000289055   -0.000123234    0.000095405
    0.000638982    0.000194523    0.000107968
   -0.000785355   -0.000007063   -0.001576408
   -0.000590580   -0.000205052    0.000222144
    0.003758444    0.002752604   -0.000795248
   -0.000134608    0.000162501   -0.000320807
    0.000157960   -0.000440342    0.000281642
    0.000347670   -0.000361185   -0.000440846
    0.000172385    0.000701175   -0.000347073
    0.000887049   -0.001918737    0.001024877
   -0.000049392    0.000117127    0.000361306
   -0.000350431    0.000042216   -0.000457799
   -0.000296564    0.002323682   -0.000918997
   -0.000317288   -0.000179924    0.000496108
    0.002912175   -0.001911252   -0.002970054
   -0.000483902   -0.000158036   -0.000074573
    0.000409693    0.000037045    0.000288913
    0.000660644    0.000379097   -0.000667802
    0.000484571    0.000113879    0.000130819
   -0.000574362    0.000031330   -0.000100122
