 N     7.0         0.22704077952429         0.07563964855802         2.47872303082587   14.00307401
 C     6.0         1.34990373963505         1.78330937923210         1.10712860438377   12.00000000
 H     1.0         2.41888624308755         3.38347394235484         1.92957485833277    1.00782504
 C     6.0        -1.37389934134326        -1.38476795246033         1.52318128834713   12.00000000
 H     1.0        -2.63285559447284        -2.65873808969115         2.29127490500210    1.00782504
 N     7.0         8.65735800227616         3.23737829083725         1.85248879399497   14.00307401
 C     6.0        10.41276495251577         1.64530097954082         2.19715867001604   12.00000000
 H     1.0        10.33759094014079        -0.00943809395911         3.36937912522086    1.00782504
 C     6.0         8.89308714117863         5.02392759169533         0.24273399604969   12.00000000
 H     1.0         7.82218929180351         6.66533461770774        -0.12812876940973    1.00782504
 N     7.0        -5.13869729559885         3.58877786013505         6.58493329247824   14.00307401
 C     6.0        -6.27138058913504         5.30001520527738         7.85422582716121   12.00000000
 H     1.0        -7.28590168880322         6.90895238923134         6.68988619958086    1.00782504
 C     6.0        -3.66174877246124         1.80373307326834         7.86147092546155   12.00000000
 H     1.0        -2.19895710238151         0.75758868587939         6.63107522164261    1.00782504
 N     7.0       -12.92421061403422         7.16035279251705         8.40081507559505   14.00307401
 C     6.0       -14.84144852925441         5.53776286583808         7.74213031712550   12.00000000
 H     1.0       -14.95855853463288         4.38410578271350         6.03682900111766    1.00782504
 C     6.0       -13.42984017780198         8.94271354372180        10.09146822370101   12.00000000
 H     1.0       -12.19924072482102        10.38852798095244        10.62393704499005    1.00782504
 N     7.0        -0.41057029247242         0.21741036394879        -2.76980757666563   14.00307401
 C     6.0        -1.69482346075832        -1.49273544434911        -1.63508655807830   12.00000000
 H     1.0        -3.32081080658396        -2.30306983071863        -2.64612642626008    1.00782504
 C     6.0         0.97988202398373         1.97530376973301        -1.66634054272427   12.00000000
 H     1.0         1.83014927926936         2.81321872771668        -3.02505166465504    1.00782504
 N     7.0        -8.12092755125504        -3.74545898860895        -1.18615776379622   14.00307401
 C     6.0       -10.03608652610204        -2.25313759302194        -1.54134638999296   12.00000000
 H     1.0        -9.86753316985905        -1.12436977555253        -3.57829989682687    1.00782504
 C     6.0        -8.63209209450082        -5.30568791904474         0.64594048256793   12.00000000
 H     1.0        -6.54925965683470        -6.27613296873213         1.07213350167648    1.00782504
 N     7.0         4.69354687945283        -3.24194087307476        -6.77154762274140   14.00307401
 C     6.0         6.03378605055782        -4.97630931702340        -8.10196682017788   12.00000000
 H     1.0         7.31788581765482        -6.05512859489547        -6.83450810848294    1.00782504
 C     6.0         3.57679330385488        -1.62899770768923        -8.31259895104003   12.00000000
 H     1.0         2.27126444476461        -0.31247909195610        -7.32192317907559    1.00782504
 N     7.0        13.16314183070520        -7.03432025698170        -7.83466180736481   14.00307401
 C     6.0        14.88501231358787        -5.41599783207435        -7.49704252282041   12.00000000
 H     1.0        14.11663772035538        -4.16644897199076        -6.24262940234565    1.00782504
 C     6.0        13.57275280515192        -9.02734897448180        -9.62377137161118   12.00000000
 H     1.0        11.99948235645383       -10.47999338323377        -9.75047242746992    1.00782504
