 N     7.0         0.25883894349802         0.12296256014451         2.44638126252776   14.00307401
 C     6.0         1.28305434686981         1.75767831424946         1.09167848576859   12.00000000
 H     1.0         2.13903742850733         3.27708459970743         2.05635351052555    1.00782504
 C     6.0        -1.22813371906213        -1.49315798728726         1.29563018964260   12.00000000
 H     1.0        -2.31014243431450        -2.96561781476979         2.51323133746309    1.00782504
 N     7.0         8.61235534988311         3.34720130141614         1.98754857925430   14.00307401
 C     6.0        10.40150494933659         1.54145298878417         1.93429727704509   12.00000000
 H     1.0         9.98856571537795         0.04071215974150         3.35320906363562    1.00782504
 C     6.0         8.92796657386483         5.02131848979484         0.18302515835930   12.00000000
 H     1.0         7.66205214654213         6.56567315568174        -0.20672937046468    1.00782504
 N     7.0        -5.17298067966365         3.59508182177105         6.37782858083140   14.00307401
 C     6.0        -6.19831452807866         5.40095873283964         7.74999985446238   12.00000000
 H     1.0        -7.14430917849948         6.35578369941571         6.17906770464149    1.00782504
 C     6.0        -3.75006401818529         2.08789443777364         7.88664331971918   12.00000000
 H     1.0        -3.18558179244941         0.27327899482527         6.70872847703794    1.00782504
 N     7.0       -12.96991098312392         7.02336918966032         8.23500365827941   14.00307401
 C     6.0       -14.74603155821316         5.62439649170700         7.73929541510283   12.00000000
 H     1.0       -14.71712006744774         3.96082435529121         6.45134311695132    1.00782504
 C     6.0       -13.57590217431956         8.72983137139109        10.05094208102902   12.00000000
 H     1.0       -12.00427668214084         9.75735030967333        10.56646346597987    1.00782504
 N     7.0        -0.36131954938511         0.25060976004405        -2.87486557361332   14.00307401
 C     6.0        -1.66550628458694        -1.38622312763126        -1.37095049403021   12.00000000
 H     1.0        -2.82078387050728        -2.80082347910542        -1.78405161606804    1.00782504
 C     6.0         1.01506453568605         1.80649802040154        -1.65492290110118   12.00000000
 H     1.0         1.88577231433187         3.37623335367979        -2.70728944030418    1.00782504
 N     7.0        -8.28182074680939        -3.76577484234885        -1.10294814329950   14.00307401
 C     6.0       -10.19252404919408        -2.02165848215736        -1.36758279739220   12.00000000
 H     1.0        -9.77309352368167        -0.65643389509381        -2.48298217025304    1.00782504
 C     6.0        -8.45170300062438        -5.54855656318566         0.56342651279310   12.00000000
 H     1.0        -7.03615469201745        -7.28648066060583         0.63860799660524    1.00782504
 N     7.0         4.82073086598887        -3.31751319527274        -6.75244918643402   14.00307401
 C     6.0         6.08668753692658        -5.13708588962199        -8.08923023643139   12.00000000
 H     1.0         7.15071023264469        -6.57929730982206        -7.03552076512642    1.00782504
 C     6.0         3.36981435308751        -1.63657453802996        -8.11209436961614   12.00000000
 H     1.0         2.86490327828166        -0.17363334845864        -6.92428879957224    1.00782504
 N     7.0        12.95961466599218        -7.06850002754023        -7.72077975170859   14.00307401
 C     6.0        14.98000382962080        -5.27789524241819        -7.44835015463109   12.00000000
 H     1.0        14.94507591526116        -3.68865423183910        -6.24162161101627    1.00782504
 C     6.0        13.70381350562336        -8.79225027046237        -9.48069410585322   12.00000000
 H     1.0        12.37081522308951       -10.44159180088061        -9.90185964912261    1.00782504
