 N     7.0         0.28347064371456         0.06856648773909         2.68820146167212   14.00307401
 C     6.0         1.41874537088881         1.84604897310787         1.03026221992364   12.00000000
 H     1.0         2.18452332308586         3.49735101305140         1.71534709349733    1.00782504
 C     6.0        -1.41320793986153        -1.45717663169800         1.25311538223731   12.00000000
 H     1.0        -2.83118456658817        -2.83242760075352         2.34106980693439    1.00782504
 N     7.0         8.58585408428520         3.31982382580821         1.96185973916376   14.00307401
 C     6.0        10.47227848920279         1.56678502105100         2.01385228647372   12.00000000
 H     1.0        10.26730345856562        -0.27834634020812         3.09345413489481    1.00782504
 C     6.0         8.95533973003604         5.05208473588287         0.15056384671943   12.00000000
 H     1.0         7.64109343113884         6.58374729195270         0.22195381294066    1.00782504
 N     7.0        -5.09056540494248         3.50128288134946         6.57362911660600   14.00307401
 C     6.0        -6.25483208742815         5.42739553557371         7.78558464923104   12.00000000
 H     1.0        -7.39883332385619         6.97076700810178         7.35073238922018    1.00782504
 C     6.0        -3.76762343397606         1.87390150274987         7.88278915905548   12.00000000
 H     1.0        -2.00293855402838         0.72941756807117         7.14512186473378    1.00782504
 N     7.0       -12.87840623259626         7.14055105731003         8.34455753449734   14.00307401
 C     6.0       -14.93479825295454         5.44684231284050         7.74536168793601   12.00000000
 H     1.0       -14.55522951071282         4.55955852096519         5.81882099962388    1.00782504
 C     6.0       -13.40931563577431         8.87694778799563        10.01371642479784   12.00000000
 H     1.0       -11.96192597918723        10.08596086024945        10.83455362306163    1.00782504
 N     7.0        -0.46732420835088         0.13930179586309        -2.89823036322398   14.00307401
 C     6.0        -1.72042448440495        -1.50074785903852        -1.41089848683042   12.00000000
 H     1.0        -3.18776563150308        -2.22080473332734        -2.51909937909497    1.00782504
 C     6.0         1.07562822368220         1.97897339204485        -1.66163791491784   12.00000000
 H     1.0         2.25807892166333         3.56830825755176        -2.77203971157435    1.00782504
 N     7.0        -8.14343095565919        -3.72929728946824        -1.22148192580387   14.00307401
 C     6.0       -10.12302691980540        -2.13455736813403        -1.51422500600216   12.00000000
 H     1.0       -10.10166870402206        -0.74747069680151        -2.71920781055297    1.00782504
 C     6.0        -8.56836221289783        -5.46610975550800         0.76481802671614   12.00000000
 H     1.0        -7.14470524980281        -6.90372569753980         1.00997177687108    1.00782504
 N     7.0         4.73993088726594        -3.31230788178844        -6.87361620698505   14.00307401
 C     6.0         5.96568703512331        -4.96288738759801        -8.12501909940702   12.00000000
 H     1.0         7.38059610285163        -6.15362436608342        -7.25728578396526    1.00782504
 C     6.0         3.56320487295731        -1.64740776904660        -8.19828010330791   12.00000000
 H     1.0         2.39594759488770        -0.27659565926184        -7.46736162204055    1.00782504
 N     7.0        13.06691713074854        -7.08729740120365        -7.77984969239433   14.00307401
 C     6.0        14.80555909897470        -5.36327703324955        -7.52292655866611   12.00000000
 H     1.0        14.36028485551059        -3.95953068426770        -5.93157749993534    1.00782504
 C     6.0        13.70433108263019        -8.86611187750042        -9.49245962020805   12.00000000
 H     1.0        12.17274859770240       -10.20075235230825        -9.92626213942166    1.00782504
