 N     7.0         0.27986139981207         0.12063126338925         2.54739264218466   14.00307401
 C     6.0         1.33478906941631         1.79036040295695         1.08843421804810   12.00000000
 H     1.0         2.13719965648910         3.36526909451096         2.07376573507485    1.00782504
 C     6.0        -1.31339823949932        -1.51755892853852         1.22202715032728   12.00000000
 H     1.0        -2.39352104686405        -2.84351468732876         2.57189859470472    1.00782504
 N     7.0         8.56598299097178         3.35771457656139         2.02231979989255   14.00307401
 C     6.0        10.42661766994788         1.50629617992487         1.91501273914777   12.00000000
 H     1.0         9.93151126745635        -0.01020201718756         3.31164913746640    1.00782504
 C     6.0         8.99696393588877         5.05115221446089         0.11641076656366   12.00000000
 H     1.0         7.54408417228136         6.51884067378200         0.08806438007228    1.00782504
 N     7.0        -5.15222317966661         3.55147527800263         6.41369461135698   14.00307401
 C     6.0        -6.17807953189037         5.41430323256806         7.73621620463179   12.00000000
 H     1.0        -7.28763011320400         6.43707153889417         6.44515858361341    1.00782504
 C     6.0        -3.76943162535467         2.05459057354008         7.94138005683627   12.00000000
 H     1.0        -2.95836503082924         0.47091903092516         6.92806021798480    1.00782504
 N     7.0       -12.96864168380563         7.03109797432707         8.25644249611462   14.00307401
 C     6.0       -14.75344490124065         5.59924760038786         7.74051199633414   12.00000000
 H     1.0       -14.58184832964417         4.08405514292145         6.21808486216316    1.00782504
 C     6.0       -13.54546858478218         8.76216929253728        10.01430131980186   12.00000000
 H     1.0       -11.74946207277893         9.77770083259670        10.66285066002645    1.00782504
 N     7.0        -0.36721166638623         0.24242313647654        -2.85845147078805   14.00307401
 C     6.0        -1.66370203125312        -1.39022079376200        -1.36888110255823   12.00000000
 H     1.0        -3.16885217524498        -2.98392869353290        -1.77308095782108    1.00782504
 C     6.0         0.99395764715643         1.80775274160274        -1.74942165535385   12.00000000
 H     1.0         2.18468280672354         3.69617386325203        -2.43798149864230    1.00782504
 N     7.0        -8.26856163076661        -3.75117547221049        -1.13187175393278   14.00307401
 C     6.0       -10.19766286443841        -2.05748369876510        -1.39521648975290   12.00000000
 H     1.0        -9.98808290251811        -0.22981970387108        -2.50848402455091    1.00782504
 C     6.0        -8.39291964739786        -5.56961274322133         0.62028821830221   12.00000000
 H     1.0        -7.43347676843093        -7.11089625239001         0.87760987100390    1.00782504
 N     7.0         4.80913075750760        -3.33634553313995        -6.78312549312394   14.00307401
 C     6.0         6.05312793146964        -5.10876594754489        -8.14017964277837   12.00000000
 H     1.0         7.23134071940430        -6.43104948796092        -7.15303240891412    1.00782504
 C     6.0         3.39904347609827        -1.62178297246579        -8.11825602744967   12.00000000
 H     1.0         2.78667808611655        -0.04317011148531        -6.95227527820313    1.00782504
 N     7.0        12.95451154052832        -7.14433795659117        -7.75585773065870   14.00307401
 C     6.0        14.91033837587638        -5.27147836098894        -7.45868579194912   12.00000000
 H     1.0        15.08203601668076        -3.50445506966142        -6.15109035051778    1.00782504
 C     6.0        13.70292893406597        -8.77499848608478        -9.42329514059922   12.00000000
 H     1.0        12.43864383279358       -10.19243645652223       -10.00992337620087    1.00782504
