 N     7.0         0.25022096815465         0.06139814950174         2.56842963010586   14.00307401
 C     6.0         1.38042366189838         1.79303069997905         1.08503478320034   12.00000000
 H     1.0         2.36941352304194         3.59398989651769         1.77702551548896    1.00782504
 C     6.0        -1.38796883305166        -1.40256467270261         1.44904432071691   12.00000000
 H     1.0        -2.72521839993804        -2.67347398312909         2.15259050690892    1.00782504
 N     7.0         8.64474086189474         3.27057227648609         1.88461312108432   14.00307401
 C     6.0        10.42429685617843         1.61920733200161         2.12857307177591   12.00000000
 H     1.0        10.38121905180252        -0.06722145651103         3.12400509366731    1.00782504
 C     6.0         8.90304108259376         5.01190215350497         0.23667590412624   12.00000000
 H     1.0         7.73580388169551         6.76433493234846        -0.03146743126960    1.00782504
 N     7.0        -5.11522094694275         3.55561648249269         6.59030220492904   14.00307401
 C     6.0        -6.27334912142134         5.36385300866118         7.85689213862873   12.00000000
 H     1.0        -7.34564046547174         7.02475546787537         7.07549918234346    1.00782504
 C     6.0        -3.68756920275134         1.79155176018748         7.85072946936260   12.00000000
 H     1.0        -2.21086498759720         0.92354557112326         6.99313495583026    1.00782504
 N     7.0       -12.88887839761912         7.15910925056000         8.37886496849801   14.00307401
 C     6.0       -14.89855119472534         5.47898835012372         7.74142390605770   12.00000000
 H     1.0       -14.84468312992298         4.52124162278885         5.94614194298775    1.00782504
 C     6.0       -13.41758255904423         8.91242449834986        10.05499648608849   12.00000000
 H     1.0       -12.02932690720547        10.39107292927013        10.80490642227952    1.00782504
 N     7.0        -0.45034899717254         0.16511383943956        -2.81812421497826   14.00307401
 C     6.0        -1.69572722472197        -1.50006749962972        -1.55305700555898   12.00000000
 H     1.0        -3.45861291843115        -2.25226672894751        -2.84920121744936    1.00782504
 C     6.0         1.02923527741867         1.99047260226643        -1.65236065940564   12.00000000
 H     1.0         2.10351454195904         3.25521427191996        -3.13504858266892    1.00782504
 N     7.0        -8.10831402915854        -3.74097119374934        -1.21101241360673   14.00307401
 C     6.0       -10.06855609721329        -2.22446207765277        -1.51066382747953   12.00000000
 H     1.0        -9.89815145729263        -0.77284102823715        -3.52186289625509    1.00782504
 C     6.0        -8.63030922287722        -5.37910796125843         0.71359910193760   12.00000000
 H     1.0        -6.85078450272224        -6.34888186034668         0.94433314503006    1.00782504
 N     7.0         4.70305893692126        -3.26541165414363        -6.81967549198117   14.00307401
 C     6.0         5.99228685086742        -4.95823989439556        -8.11278478536953   12.00000000
 H     1.0         7.35920012648451        -6.06494990342886        -7.02296416673495    1.00782504
 C     6.0         3.60206607496529        -1.65728839176427        -8.30087060958580   12.00000000
 H     1.0         2.17982871813897        -0.26182347083738        -7.38296855309291    1.00782504
 N     7.0        13.13816617441223        -7.01483274952138        -7.78899774218583   14.00307401
 C     6.0        14.83386023721898        -5.42019397617833        -7.53239341758606   12.00000000
 H     1.0        14.04323924927354        -4.12903266530392        -6.00828321171605    1.00782504
 C     6.0        13.62976747873683        -8.98491321143115        -9.59135996932183   12.00000000
 H     1.0        12.14426219443229       -10.28387586709126        -9.74257302004034    1.00782504
