 N     7.0         0.29020968067324         0.09768596956064         2.66156278088122   14.00307401
 C     6.0         1.38573314379160         1.82731343924954         1.03627892186436   12.00000000
 H     1.0         2.22016065297707         3.57209528858572         2.03685656296531    1.00782504
 C     6.0        -1.40202096524357        -1.53227639592962         1.17350798539594   12.00000000
 H     1.0        -2.41003721459052        -2.60360087426070         2.36350586997258    1.00782504
 N     7.0         8.53828343786156         3.35463033916255         2.03237300156857   14.00307401
 C     6.0        10.46943287544401         1.49263565522352         1.93570164657338   12.00000000
 H     1.0        10.03690402252522        -0.03057617997196         3.10247549480325    1.00782504
 C     6.0         9.02807496985581         5.07589504225615         0.07107788889114   12.00000000
 H     1.0         7.49663242733181         6.48124733700091         0.32919219566525    1.00782504
 N     7.0        -5.11303976823349         3.50413646631280         6.48737029036435   14.00307401
 C     6.0        -6.18572295644531         5.41705001401449         7.74445662172392   12.00000000
 H     1.0        -7.57144769411663         6.89527975895227         6.81555436965766    1.00782504
 C     6.0        -3.78809343744175         1.98937990801673         7.94256428647165   12.00000000
 H     1.0        -2.51062773639209         0.64371895418484         7.16817396237006    1.00782504
 N     7.0       -12.92160721044039         7.08133746592897         8.29569256691117   14.00307401
 C     6.0       -14.84312344518295         5.50425457396492         7.72686190894555   12.00000000
 H     1.0       -14.45823701938389         4.42727950237910         6.08256535328253    1.00782504
 C     6.0       -13.47357813176449         8.81590682518574         9.99396788329690   12.00000000
 H     1.0       -11.78142964324685         9.81183392361135        10.73695869871268    1.00782504
 N     7.0        -0.41446123965259         0.19119306917690        -2.88541356116308   14.00307401
 C     6.0        -1.68228854805481        -1.43089663154824        -1.34217595722701   12.00000000
 H     1.0        -3.30905484369259        -2.79864546666746        -2.02626200349812    1.00782504
 C     6.0         1.04905475549790         1.90486315908598        -1.75715084401430   12.00000000
 H     1.0         2.12831089794932         3.46521229018513        -2.20405626587143    1.00782504
 N     7.0        -8.21985984865361        -3.73275382232432        -1.18042900370496   14.00307401
 C     6.0       -10.18980305357473        -2.10703095445653        -1.43244627721945   12.00000000
 H     1.0       -10.14635285613232        -0.03319761381166        -2.60921669993351    1.00782504
 C     6.0        -8.45146591568182        -5.52555003503720         0.70302578006009   12.00000000
 H     1.0        -7.29149613705441        -7.40437170533015         1.08189320304950    1.00782504
 N     7.0         4.78714431309619        -3.34525515135187        -6.83933595387207   14.00307401
 C     6.0         6.00255060895357        -5.04064304691876        -8.15925839131495   12.00000000
 H     1.0         7.35251306653587        -6.32984669718365        -7.24995201616044    1.00782504
 C     6.0         3.46858816875303        -1.63632609772049        -8.13922381162722   12.00000000
 H     1.0         2.56330298082330         0.07438664926822        -7.09280317921707    1.00782504
 N     7.0        12.98454187083650        -7.17507256542263        -7.78804665703514   14.00307401
 C     6.0        14.83839835045620        -5.27709492396905        -7.46670413949294   12.00000000
 H     1.0        14.94703811452076        -3.74226805084900        -6.17087918626361    1.00782504
 C     6.0        13.71279232094168        -8.76687763950776        -9.39721560761948   12.00000000
 H     1.0        12.31882538813638       -10.13744008407486       -10.07465233588797    1.00782504
