 N     7.0         0.28872380649157         0.10265159191781         2.64296428831996   14.00307401
 C     6.0         1.37676137189114         1.82072972898409         1.04739329847821   12.00000000
 H     1.0         2.21533754894719         3.54948082563415         2.06214843395945    1.00782504
 C     6.0        -1.38910326427156        -1.53481413428535         1.18034804987262   12.00000000
 H     1.0        -2.38428756946708        -2.61595804823619         2.39045163150985    1.00782504
 N     7.0         8.53894468664563         3.35684945510037         2.03492466164080   14.00307401
 C     6.0        10.46322575610141         1.49003439643769         1.92957655572857   12.00000000
 H     1.0        10.01005159965434        -0.01059592672532         3.12967488711519    1.00782504
 C     6.0         9.02987680126314         5.07302285989222         0.07222423951180   12.00000000
 H     1.0         7.48765094062071         6.48996947524579         0.30400234080083    1.00782504
 N     7.0        -5.11989224381152         3.51098012462591         6.47212701388683   14.00307401
 C     6.0        -6.18094517478060         5.41649269770015         7.74249742366710   12.00000000
 H     1.0        -7.53841275017829         6.81947325190487         6.73320970688359    1.00782504
 C     6.0        -3.78399784479085         2.00106604518033         7.94654103506127   12.00000000
 H     1.0        -2.62059236796950         0.64459799558191         7.15204385432474    1.00782504
 N     7.0       -12.93108958715118         7.07115624614727         8.28844942584579   14.00307401
 C     6.0       -14.82468004920017         5.52142747461649         7.72810962294476   12.00000000
 H     1.0       -14.47077537916225         4.37077189786367         6.10864630634371    1.00782504
 C     6.0       -13.48863555800654         8.80466397674783         9.99481569561255   12.00000000
 H     1.0       -11.74166491135576         9.80896588040251        10.72997183311597    1.00782504
 N     7.0        -0.40429438008040         0.20244798451518        -2.87710015406792   14.00307401
 C     6.0        -1.67488729793353        -1.42010881754057        -1.34699489338185   12.00000000
 H     1.0        -3.32655550635629        -2.87757818554325        -1.97281786001179    1.00782504
 C     6.0         1.03460236338063         1.88349303439011        -1.76526191829881   12.00000000
 H     1.0         2.16204634628001         3.53104876858810        -2.22132130345347    1.00782504
 N     7.0        -8.22973571778658        -3.73553936639431        -1.17191661499425   14.00307401
 C     6.0       -10.19558471307260        -2.10178040008816        -1.42190570203046   12.00000000
 H     1.0       -10.12448280727136         0.00766120580439        -2.61115734202369    1.00782504
 C     6.0        -8.43420448823413        -5.53662096583733         0.68897190774729   12.00000000
 H     1.0        -7.34717981379716        -7.35456997269634         1.05717598388213    1.00782504
 N     7.0         4.79210311879186        -3.34551200248463        -6.82842511698267   14.00307401
 C     6.0         6.01195441457699        -5.05479550153684        -8.16033964981512   12.00000000
 H     1.0         7.33167674142192        -6.34603871267976        -7.23611325671874    1.00782504
 C     6.0         3.45439586475863        -1.63390936115896        -8.13592324337959   12.00000000
 H     1.0         2.59922547737887         0.08838185806366        -7.04536406074840    1.00782504
 N     7.0        12.97685194755015        -7.17609861956750        -7.78484501722009   14.00307401
 C     6.0        14.84922904741885        -5.27423915707754        -7.46450672515099   12.00000000
 H     1.0        14.99564909544172        -3.67245640983285        -6.16216523259093    1.00782504
 C     6.0        13.70954640383390        -8.76477382023931        -9.39609363602073   12.00000000
 H     1.0        12.36023302882904       -10.12279973379130       -10.06690637784449    1.00782504
