 N     7.0         0.29119908840653         0.09415879286960         2.67387267517697   14.00307401
 C     6.0         1.39176826906595         1.83182642455181         1.02833434038602   12.00000000
 H     1.0         2.21963090688282         3.58088475109730         2.01355211503587    1.00782504
 C     6.0        -1.40962527120463        -1.52848928309711         1.16906360766463   12.00000000
 H     1.0        -2.43931418430089        -2.60905243553919         2.35371612549502    1.00782504
 N     7.0         8.53922522196813         3.35256755318921         2.02924731613454   14.00307401
 C     6.0        10.47297766629061         1.49616293976330         1.94066593007347   12.00000000
 H     1.0        10.05711221173856        -0.05209481327434         3.08936125869194    1.00782504
 C     6.0         9.02454804016124         5.07731692932318         0.07249313280404   12.00000000
 H     1.0         7.50773941573085         6.47560768682523         0.34058948972306    1.00782504
 N     7.0        -5.10850873913066         3.50004606279299         6.49856967212758   14.00307401
 C     6.0        -6.19013541126991         5.41763222503746         7.74588045816799   12.00000000
 H     1.0        -7.58605715904757         6.94099992244773         6.87797277271086    1.00782504
 C     6.0        -3.79073856525187         1.98074744353137         7.93857108296772   12.00000000
 H     1.0        -2.42882264324204         0.63890060740464         7.17358435272322    1.00782504
 N     7.0       -12.91506641601407         7.08852661489706         8.30078694826968   14.00307401
 C     6.0       -14.85600599552853         5.49293001986406         7.72674018698614   12.00000000
 H     1.0       -14.45258148764576         4.46171727147706         6.06021067878883    1.00782504
 C     6.0       -13.46285031879605         8.82407537803643         9.99403955290354   12.00000000
 H     1.0       -11.81511961018522         9.81510084332074        10.74125464911796    1.00782504
 N     7.0        -0.42165131525160         0.18326894493405        -2.89208177607190   14.00307401
 C     6.0        -1.68844298489807        -1.43905208280650        -1.33918622637607   12.00000000
 H     1.0        -3.28584840769323        -2.73287672025306        -2.06517599414160    1.00782504
 C     6.0         1.05913273303434         1.91905679121749        -1.74854223019649   12.00000000
 H     1.0         2.10657511490643         3.42584061143438        -2.20485431678746    1.00782504
 N     7.0        -8.21287213017289        -3.73101205337064        -1.18614695186421   14.00307401
 C     6.0       -10.18436921318534        -2.10959324673859        -1.44115395230884   12.00000000
 H     1.0       -10.15881588324134        -0.08360398344761        -2.60213979852557    1.00782504
 C     6.0        -8.46412089775358        -5.51792755567863         0.71252516667612   12.00000000
 H     1.0        -7.25325058088668        -7.42501822341200         1.09379918933031    1.00782504
 N     7.0         4.78333988490172        -3.34448567049081        -6.84712307324895   14.00307401
 C     6.0         5.99611721688089        -5.03047449118540        -8.15721394628621   12.00000000
 H     1.0         7.36571423513151        -6.31746797333537        -7.25896741140022    1.00782504
 C     6.0         3.47878116570025        -1.63771949623567        -8.14150014098202   12.00000000
 H     1.0         2.54042713208683         0.05338926699303        -7.13176361489211    1.00782504
 N     7.0        12.99057872885509        -7.17234630369932        -7.78942820857733   14.00307401
 C     6.0        14.83138882609511        -5.28019480274648        -7.46892325681221   12.00000000
 H     1.0        14.90648505998360        -3.79159022188888        -6.17316062478489    1.00782504
 C     6.0        13.71500482507131        -8.77009755851260        -9.39999837863501   12.00000000
 H     1.0        12.28850662432031       -10.15004082145717       -10.07734567061201    1.00782504
