  -1.1925788680412204E-004   2.1261557447765163E-004   7.4899635274082283E-005
  -1.6152409434012869E-004   4.7479398174290571E-004  -3.3751231894827257E-004
   1.6317655187429191E-003  -4.7708080082513007E-004   1.2698300962404071E-003
  -4.3622523819680727E-004  -7.4941835869573735E-004  -6.6034440115813806E-004
   2.5007705059847830E-003   1.3377208216635848E-003   6.6681553574847257E-004
  -3.2264557694315030E-004   1.2235802976351431E-004  -1.7147639444804314E-005
   5.4369332921906644E-004  -1.1873890792312072E-004   1.2654745155553116E-004
   4.9864545554739739E-005   2.2998853476442200E-003   9.8020600612369694E-005
   6.5402200631508689E-004   1.9789562481403221E-004  -7.7444441610666171E-004
  -1.4085794176881680E-003  -7.9436134595909421E-004   5.8263759911847640E-004
   2.2355243845645673E-004  -6.6732170630032564E-004  -3.9927337263159969E-004
  -1.5042657819669286E-004  -5.8796910801542745E-005  -2.9061750245472291E-004
  -4.8769298333275004E-004   3.2215341014282811E-004  -2.1132872710878784E-003
   2.2807525629714364E-004   5.0547459552542466E-004  -5.4413578280961184E-005
  -3.1070234525150142E-003   7.5841807422936253E-004   2.1972290460137347E-003
  -4.4148636759746077E-004   1.5667747682524412E-005   1.1487332836946639E-004
   1.2147524295688899E-005   2.2262543086316912E-004  -1.2633589929064224E-005
   2.6489037492147243E-003   3.8626072665620155E-004   1.6247351012016978E-003
  -8.3447859944869222E-005   4.6471917604722467E-005   5.5601373915066775E-005
   4.4005145789331989E-004  -2.5125617392271005E-004  -1.0923819336579146E-003
  -1.8332847195679967E-004  -3.4045435173005517E-005  -4.3188887309174567E-004
   2.6846268013102942E-004   1.1079159839210200E-005   7.3916714546255725E-004
  -2.5926305912804873E-004  -2.5199003328479808E-003   3.1557344689936786E-004
  -1.0501792179658407E-004   2.7867504784230606E-004   2.7761756815139634E-004
   1.0600606491929165E-003   1.2229741528452787E-003   2.5207777630857717E-003
  -3.0616636772210940E-004   8.2553147615658447E-005  -1.7829479813228830E-005
  -5.4132597345052033E-004  -7.3562796193621583E-005   1.3549293606844977E-004
  -1.9160030259390182E-003   1.3277173022081528E-003  -4.0132086634344158E-003
   6.6210636801561015E-004  -2.5606974943498070E-004   5.3812282564802904E-004
  -3.4182904852814335E-004  -1.1864650165366686E-003   2.2386253403652730E-003
   2.7406239352805080E-004   1.5058928960260297E-005  -3.5345625684493160E-006
   2.3343913706091234E-004  -9.1083955119920401E-006   2.1966798985257997E-004
  -4.1235736536576674E-004  -1.3973672422140451E-003  -6.7720689815069224E-005
  -4.3455036892904754E-004   1.1753710790239345E-004   5.9117609355606936E-004
   2.9923437432185574E-004   2.4495784796452953E-003   1.3122979548434600E-003
   9.9793041304574654E-005  -7.6850478037166110E-004  -6.3701107044436230E-004
   1.1430018456638409E-004   2.5470244410555978E-005   4.3437338582686665E-004
   2.4383134251947151E-003   6.5780266837950157E-004  -6.7136749388463932E-004
  -1.4721886752329489E-004   4.2256578695264223E-004   1.8921236653850407E-004
   6.4642848004701819E-004   4.2278379915450633E-004  -1.6855202220356642E-003
