 N     7.0         0.29175609767289         0.09211985532359         2.68063222989190   14.00307401
 C     6.0         1.39513385858218         1.83439355536855         1.02382304031105   12.00000000
 H     1.0         2.21802778582276         3.58298071098433         1.99757320857516    1.00782504
 C     6.0        -1.41345164485693        -1.52551681107924         1.16685326283468   12.00000000
 H     1.0        -2.46101938623348        -2.61759116572920         2.35143219139705    1.00782504
 N     7.0         8.54012765778396         3.35125257314836         2.02701591732122   14.00307401
 C     6.0        10.47504952963173         1.49888362562122         1.94379635755554   12.00000000
 H     1.0        10.06939679260639        -0.06780662471401         3.08354150738515    1.00782504
 C     6.0         9.02183547244615         5.07786774017897         0.07402787163198   12.00000000
 H     1.0         7.51612003240029         6.47287728063882         0.34488004591438    1.00782504
 N     7.0        -5.10595490813113         3.49793509116598         6.50522616548776   14.00307401
 C     6.0        -6.19317653289245         5.41811096688605         7.74681628819845   12.00000000
 H     1.0        -7.59065562073437         6.96423266838494         6.91598210685065    1.00782504
 C     6.0        -3.79209551882138         1.97539582340568         7.93578653954784   12.00000000
 H     1.0        -2.38023711696775         0.63556759510157         7.17493636080792    1.00782504
 N     7.0       -12.91150878955837         7.09278336574096         8.30393518910222   14.00307401
 C     6.0       -14.86339980430123         5.48659078576466         7.72695178702579   12.00000000
 H     1.0       -14.45040440275280         4.47933544608430         6.04458666808824    1.00782504
 C     6.0       -13.45649761101651         8.82887152886284         9.99423995667781   12.00000000
 H     1.0       -11.83613481828511         9.81836729391675        10.74391148606580    1.00782504
 N     7.0        -0.42587541140889         0.17866577843346        -2.89613928124841   14.00307401
 C     6.0        -1.69232695991889        -1.44399522732558        -1.33784159538890   12.00000000
 H     1.0        -3.26884123451431        -2.69084086449122        -2.08841428303269    1.00782504
 C     6.0         1.06475627339805         1.92680803716946        -1.74245322924667   12.00000000
 H     1.0         2.09658246902072         3.40794485604839        -2.21158188288832    1.00782504
 N     7.0        -8.20841539868584        -3.73015265029642        -1.18951760523743   14.00307401
 C     6.0       -10.18106738571442        -2.11065763133670        -1.44672133646000   12.00000000
 H     1.0       -10.16477635032925        -0.12152231725425        -2.59554070143092    1.00782504
 C     6.0        -8.47195769111094        -5.51356052214074         0.71812672835786   12.00000000
 H     1.0        -7.23180212049452        -7.43058496077770         1.09848009116654    1.00782504
 N     7.0         4.78095500571878        -3.34376829033848        -6.85158860542517   14.00307401
 C     6.0         5.99244829635981        -5.02447934664528        -8.15558662325265   12.00000000
 H     1.0         7.37252041441864        -6.30950937744343        -7.26379548883984    1.00782504
 C     6.0         3.48485001980235        -1.63841997415854        -8.14293489508646   12.00000000
 H     1.0         2.52822785723258         0.03674867415319        -7.15670438807796    1.00782504
 N     7.0        12.99456334096135        -7.16996093384635        -7.79001319909919   14.00307401
 C     6.0        14.82743239736316        -5.28261329255669        -7.47054176030470   12.00000000
 H     1.0        14.88014557769315        -3.81941656362722        -6.17156235904819    1.00782504
 C     6.0        13.71613311019955        -8.77263540472290        -9.40238022850791   12.00000000
 H     1.0        12.27072677411448       -10.15767683626571       -10.07788414378825    1.00782504
