   2.1650289362368599E-004   1.8352494874167570E-004   2.9469810572969792E-004
   2.2160101261795904E-004  -5.3791240010259484E-005   4.6752971201588896E-004
  -8.5056998274491802E-004  -6.1558743930943780E-004   1.9100401386057418E-005
  -3.6486083961706625E-004   5.3478897340425082E-005  -3.9431587414999166E-004
  -1.7014877453084972E-003  -7.4761394929443055E-004   1.8858953840541512E-003
  -3.0748921222703817E-004   1.7664498726174444E-004   2.4742723684299404E-004
  -2.7705736306027064E-005  -2.1990283273714070E-004  -3.3942778333412402E-004
  -1.2569377927524293E-003  -7.5600179498605384E-004   7.3204909668980788E-004
   4.3541966335302544E-004   3.5999327366878321E-005  -2.3366166211538704E-004
   1.9123021935207575E-004  -2.3542132311712145E-004   1.4012998939634820E-003
  -4.7777085934326468E-005  -1.6257729306810623E-004   1.1849055000601080E-004
   3.8838381317481195E-004   5.0360828755283840E-006  -2.1821137537430272E-004
  -9.5435698914532301E-006  -1.9949407464235902E-003  -1.4445386313461319E-004
  -2.4595484177674347E-004   1.8753556451434411E-004   5.9309611566036181E-004
   1.2770569036983015E-003  -1.0534644884834887E-003  -6.1143618612486956E-004
  -2.3570487226763732E-004  -2.8500433106057939E-004  -3.6939879315248144E-005
   5.4217696943982855E-004   3.7396727103204181E-004   1.2134847844430601E-004
   3.1441841543075144E-004  -1.1458201276278885E-004  -1.4739819647695614E-003
  -1.3643421576397411E-005   2.5415897913649941E-004  -1.2791320054575072E-004
   8.3554476132284756E-005  -1.8728365263213855E-003  -2.4246105943217779E-004
   2.2642191228210081E-004   2.0953079306665161E-004   2.7890531839610443E-004
  -2.9395062428171721E-004  -2.2098809242410109E-004  -3.4807767130737120E-004
   2.7480704456634179E-004   1.2659837983128451E-003   3.0931167341933970E-003
  -3.8221019968939920E-004  -2.9726466235369998E-004  -9.9116614044646167E-004
   2.1063451887237631E-003   2.6630780580127384E-003   1.9293501351154887E-003
  -3.2625566231810016E-005  -2.4061836123938243E-005  -2.8025008625033861E-005
  -4.0093430430693316E-005   3.2011035098953336E-004  -5.5251609533485998E-004
  -1.8260931879974253E-003  -1.2176637004131935E-003   3.5932449820047308E-003
   6.7789966752202749E-004   3.0351551135233914E-005   1.8163141498004045E-004
  -1.3218579156561590E-003  -1.0940060790807730E-003   1.6480972758183110E-003
  -8.9774983129608374E-005  -1.0739489315849052E-004  -1.7501376509430281E-004
  -1.3432794295859115E-004  -2.5593427851775859E-005  -2.7012720080256869E-004
   9.7276470150806256E-004   6.7217369661564047E-004  -2.9322272006746718E-004
  -2.8341293543268775E-005   4.1556060129024951E-004   2.1885046121807817E-004
   1.0729044558232107E-003  -1.0285335512829038E-003  -4.5193267785408660E-004
  -3.7452590734658969E-004  -5.6585986949181095E-004  -3.0469810540066870E-005
  -2.2800678612075315E-004   3.3759925876466595E-004  -4.6476362670854265E-005
   1.8690074821282742E-003   8.8940545578357485E-004  -7.1160690451779935E-004
   2.3719232811250407E-004   9.7799156781897323E-005   3.1674163867994568E-004
  -3.4589395340249254E-004   2.0725357609671478E-004  -1.3223027423554599E-003
