  -2.1222979696328779E-004   7.6952350976171484E-006  -8.0826214148335695E-004
  -3.0302862565651233E-004  -3.1093236971079668E-004   2.5171275142590063E-004
   1.1847869650403753E-003   8.4008336788496383E-005   1.0354183585820898E-003
   1.1743745223599345E-004   2.4340500764942965E-004   1.0011757228703814E-003
   1.5084588379498723E-003   1.4341289716463012E-003  -8.2291279062356377E-004
   2.4843623391645022E-004  -3.1922004698296016E-004  -3.5474239703006829E-004
  -2.8268014171300472E-004   2.1878691799445872E-004   6.8750813426341287E-004
   1.4648763748379611E-004   1.5755406718910268E-003   5.8002701898317408E-004
  -2.3504921069753248E-004  -8.2039377094824095E-005   3.3081139239506368E-004
   8.9383768288987602E-004   1.8541568153427726E-004  -1.2526182038090196E-003
  -1.7643732058213058E-004   3.4641466045118291E-004   6.4537966014179628E-005
   1.4456402591036675E-005  -5.2863888959362511E-004   2.9207191620105971E-004
  -3.5168924322488649E-004   6.1849570582392453E-004  -3.0560184673944762E-003
   3.8009423585946557E-004  -2.5581679646189060E-004  -9.4573605064793317E-005
  -8.9081844177977187E-004   2.1516501266284732E-004  -1.6595285370358194E-003
  -1.3769709176855374E-004   4.7648079223196710E-005   1.8230227516050150E-004
   3.8510693975239712E-004   3.0376452650340802E-004  -7.0234517338757695E-005
  -1.5122995115597268E-003  -3.9676982258430747E-004   1.2264968514292555E-003
  -8.4385562757776291E-005   2.4729501727602704E-004   2.8735946096863761E-004
  -1.1101523263259089E-003   7.7201543881115226E-004  -9.3711005908724736E-004
   2.2530167420128612E-004   2.7479423785534862E-004   5.1875820311542338E-004
   9.4525442185281277E-005   1.0606568317262830E-004  -7.9172851141544299E-004
  -6.5934899922917404E-004  -5.8815671310336840E-004  -3.4085978961386116E-004
  -2.8295172970255644E-004  -4.6908362375151350E-006  -6.2480394496206330E-005
  -2.1466687891881211E-003  -3.4072877777208779E-003  -3.1158354831929073E-004
   9.8859571021553985E-005  -6.7047081275354255E-005   1.4061303941970230E-004
   3.1662015616437872E-004  -3.9405096855618394E-004  -6.0527306703047052E-005
   9.2136531726595933E-004  -1.2642118677896983E-003  -3.2204152805161805E-003
  -3.2254241730008602E-004   6.5410909102407873E-004  -5.1437848729348997E-004
   3.5347685553792372E-003   1.2198149831081392E-003   3.5479478483507699E-004
  -1.7157725435806905E-004   2.4244965187046521E-004   3.7481729375707541E-004
   2.4145444213620658E-004  -6.8789882948332864E-005   7.1167380526233887E-005
  -2.9197110894310522E-006   2.2157599482352781E-004   1.6703993725249945E-003
   5.2048640778919434E-005   5.3128928758659786E-005  -4.5393167606039248E-004
  -6.0003316550041538E-004   5.8756106667726001E-005   6.8369330868076983E-004
   3.0499699537080485E-004   2.0700252124412658E-004  -1.7245505630684774E-004
   2.7141692195190698E-004  -1.1636666996645921E-004   1.3881458307351871E-004
  -6.7769755616466391E-004  -1.2660056592172333E-003  -1.7378848884816753E-003
  -4.4551599388807737E-004  -5.4582671053904125E-004  -4.4080073120077271E-004
  -9.3089034755414332E-004  -1.3537803566547818E-003   6.5454458493502117E-004
