   4.3971806643735459E-005  -1.6367020163285772E-004   5.3620324211048061E-004
   2.6878248268264696E-004   2.0530109429986985E-004  -3.5771651264268460E-004
  -1.3982215653126701E-004   1.3689447714256291E-004  -1.3096867512765204E-003
  -3.0008514689377873E-004   2.4623793991769728E-004  -1.6977895733483962E-004
  -1.7929091488333732E-003  -7.3825649413298406E-004  -1.4884961580273720E-004
   7.6713505806095395E-005  -1.0736974483051242E-004  -1.8419352720770078E-004
   1.6538636123509580E-004   2.2545881815181569E-004   2.5429335646705227E-004
   9.9354406332539187E-004  -1.2926557731852003E-003  -4.4700968514288573E-004
  -2.2489172356622924E-004   4.1231038016676028E-005   1.3126113340051395E-004
   6.9220103945860721E-004  -2.1260593566251872E-004   3.1991913015155690E-004
   2.0463110544273618E-004  -1.6706837951747122E-004   5.3497856862368641E-004
  -2.4941571531446484E-004   4.1115061598617878E-005   7.6514727379017633E-005
  -3.2944130568046887E-004   1.8281749209701804E-003   3.0715073147130462E-003
  -1.0682306878034380E-004  -4.3448588726733407E-004  -2.2862744185884616E-004
   3.9079385457872857E-003  -2.6768831171441131E-004   9.4253335848371988E-005
   2.8414262605855529E-004   3.4251930077669143E-004   2.5411714532355971E-004
  -5.9350511690120001E-004  -5.0599032258035067E-004   2.0332630708009705E-005
   1.6347027506500764E-004   1.3922929996153922E-003  -1.2798407211032593E-003
   5.1059895178509585E-004   3.8569833207994028E-004   1.8279239348915042E-005
  -1.6979647816443969E-003   2.7784924492092272E-004   2.1402403059456193E-004
  -3.3964378232671034E-004  -3.6925835858696358E-004  -3.2392089375701604E-004
  -3.1424315734270844E-004  -3.9916771946989720E-004   9.9804626636461195E-005
   1.3970664545965494E-003   3.4128093131225571E-003  -1.8736832644117526E-003
   4.4704442400431247E-004   6.1718009942548233E-004   4.9627478257738321E-004
  -7.6465993904465735E-004  -1.3784334577572677E-003  -6.0955287126236290E-004
   3.6144376455872219E-004   6.7766621762502447E-005  -2.7092671415770221E-004
   2.6785983504902674E-004  -8.1191383784997057E-005  -4.5228835524170087E-004
  -4.6597927307207200E-004  -3.1352264465033864E-003   5.5121957957037469E-004
  -6.3371510331721630E-004   3.5006577838665861E-004   4.5022633190198037E-004
   1.7117578924454883E-003  -3.7653103452497087E-004   3.5491041788363156E-004
  -1.9358996056174969E-004   6.0720337037538586E-005  -3.5658138582711773E-004
  -2.9375736921867708E-004   4.8164530995675037E-004   1.3498741128438964E-004
   5.3720160506446810E-004   6.4924776080805061E-004  -3.8441644474914246E-004
   4.8898223360699584E-004  -5.4794450987299227E-005  -1.1668904960811533E-004
  -9.6591983347948680E-004  -1.3826641417984944E-003  -2.0297797872655789E-003
   3.2436702769079290E-004   1.9999615051858997E-004  -4.4255245597900099E-005
  -3.1605612865158130E-004  -2.0111712471787647E-004  -1.3427442829593903E-004
  -2.1467912482472781E-003  -2.2207755533895845E-003   1.5946334904535440E-004
   8.9163233080266066E-005  -2.1149082245308076E-004  -1.9976370587285940E-004
  -1.4279102118838049E-003  -6.1639517466664708E-004  -2.7270705785831402E-005
