   4.9230599066929995E-005  -1.7014626070439913E-004   6.1428629923477467E-004
   2.9772162192280674E-004   2.2201176328701078E-004  -3.8151373530769927E-004
   5.9908171079383918E-005   5.6831317952952165E-004  -1.0239587916887065E-003
  -3.9866881895070312E-004   1.4321337756429466E-004  -2.2242481847537437E-004
  -1.2058711032088085E-003   2.2761765110956614E-005  -6.5425334549029505E-004
   2.3925537310044855E-005  -9.3361503899268478E-005  -1.2959313140879119E-004
   1.7936579370414414E-004   1.3781413613596800E-004   2.3295424534045518E-004
   9.7384632440703563E-004  -8.9473609740104332E-004  -7.5323259265412440E-004
  -1.3499799246567066E-004   8.3309333249491802E-005   2.7707633465958353E-005
   4.4900285476461363E-004  -2.9287364462340259E-004   6.7684215066155938E-004
   2.2795644133059940E-004  -2.1558906393842706E-004   5.3246931932451414E-004
  -1.9484397480655028E-004   2.6064606148299038E-005   7.1823226968335951E-005
  -8.9314771023970825E-004   2.3980494628130429E-003   2.9643912090648091E-003
  -1.3563389008633086E-004  -4.1166279221787136E-004  -1.6682279309997329E-004
   3.9266059827432172E-003  -1.7762798373907983E-004   3.7458822183477779E-004
   3.2563185264005437E-004   3.5110776589645956E-004   2.4654127187414789E-004
  -6.3249265042245820E-004  -5.7064743593539507E-004  -2.1940731484452586E-005
   3.3981057151951559E-004   1.8061682677264139E-003  -9.8769699223966428E-004
   5.2357387121869619E-004   3.9660515506288469E-004  -9.9867749788468334E-006
  -1.5471316123477610E-003   1.1527049651056049E-004   2.1236679818558777E-004
  -3.5222995266969066E-004  -3.8754761203748988E-004  -3.0621777444216026E-004
  -2.8018927048861807E-004  -3.8787166711147064E-004   1.5176992646352160E-004
   9.2864524848443233E-004   3.0211498518599501E-003  -1.8817354136764545E-003
   4.9677042825040281E-004   7.1668939146428987E-004   3.5637814418210194E-004
  -1.1368965408278015E-003  -2.1305819099366389E-003   2.3650060219995703E-004
   3.2997844372113392E-004   9.1619313061166080E-005  -2.8053338454821810E-004
   2.5067708059246704E-004  -1.4740395665960101E-004  -4.0322789276061352E-004
  -6.7484036202729747E-004  -2.0244751695250225E-003   2.2891898395489764E-004
  -5.9900406501643428E-004   3.7703277755246834E-004   4.6772990413946865E-004
   1.8970402985278583E-003  -1.3340592275895907E-003   6.9973445967078910E-004
  -1.7913521411079097E-004   2.5585033124407253E-005  -3.7273074395905836E-004
  -3.1899514613899840E-004   4.9297920993435966E-004   7.0188147147158756E-005
   6.7514000939486007E-004   5.8077564926813422E-004  -4.5692201002235270E-004
   4.9363783722690825E-004  -7.4543903684479699E-005  -1.1504824873193440E-004
  -1.1591093202939831E-003  -8.0336377258818947E-004  -1.8035904783341946E-003
   2.7986896023339232E-004   9.2353337482436204E-005  -8.3016334993878170E-005
  -3.5563252793424177E-004  -1.2521889464501914E-004  -9.2732817567980403E-005
  -1.8539402858113469E-003  -2.4387820240510151E-003  -2.2257570074351709E-004
   1.1117587430992239E-004  -1.2281978728196369E-004  -9.4640331185947714E-005
  -1.4758535780417786E-003  -5.8160364721282932E-004  -1.8920412542531450E-004
