 N     7.0         0.21450793460750         0.10794644949505         2.42929039479266   14.00307401
 C     6.0         1.33134551939134         1.81603215401293         1.09762150300830   12.00000000
 H     1.0         2.42843026039319         3.03402412088554         2.12514253754919    1.00782504
 C     6.0        -1.38243015149904        -1.40494312631465         1.50949031731675   12.00000000
 H     1.0        -2.61703497290670        -2.79951702761311         2.69835258608541    1.00782504
 N     7.0         8.63788707168722         3.22268111001502         1.83643228294441   14.00307401
 C     6.0        10.44491728632722         1.65239846664266         2.24358239080826   12.00000000
 H     1.0        10.25016246507224         0.03215366415120         3.69091202452506    1.00782504
 C     6.0         8.92957262935161         5.04719682339361         0.19704223907102   12.00000000
 H     1.0         7.71333878868818         6.60286682396155        -0.15064600160806    1.00782504
 N     7.0        -5.15090733168617         3.58656052165669         6.56278005914282   14.00307401
 C     6.0        -6.28248618448182         5.26067553622759         7.79328056744254   12.00000000
 H     1.0        -7.08397729436858         6.53070063771302         6.46904125921041    1.00782504
 C     6.0        -3.63898194545137         1.85260805403180         7.87294542525778   12.00000000
 H     1.0        -2.33847955038724         0.60156624313801         6.38860705098358    1.00782504
 N     7.0       -12.97593457771399         7.15795890014557         8.41885031956794   14.00307401
 C     6.0       -14.79622685080038         5.60873739686501         7.75317651149561   12.00000000
 H     1.0       -14.88853291809362         4.21543949644792         6.09233491470945    1.00782504
 C     6.0       -13.46214680554845         8.95211609882513        10.12032226611642   12.00000000
 H     1.0       -12.17592798878346        10.47395273337091        10.45238086819691    1.00782504
 N     7.0        -0.37355076750407         0.27256174849115        -2.75830323489344   14.00307401
 C     6.0        -1.68718346539127        -1.48845476853955        -1.65857156360610   12.00000000
 H     1.0        -3.15214821324128        -2.45296899310755        -2.36782894256984    1.00782504
 C     6.0         0.89745664353925         1.92910493495085        -1.63228777853670   12.00000000
 H     1.0         1.96854619386179         2.84895429633140        -3.20950935473134    1.00782504
 N     7.0        -8.15888278053600        -3.74307794119755        -1.16183677308788   14.00307401
 C     6.0       -10.03084562218936        -2.25503596567569        -1.59606236172144   12.00000000
 H     1.0        -9.96924557532372        -1.56346496881752        -3.29783272987722    1.00782504
 C     6.0        -8.56149213940091        -5.27596364461554         0.61285822333569   12.00000000
 H     1.0        -6.71438421341029        -6.17794043286866         1.24297621903895    1.00782504
 N     7.0         4.70321781370145        -3.23017237935781        -6.73907180284506   14.00307401
 C     6.0         6.08345792272659        -4.99712189575447        -8.07711071086549   12.00000000
 H     1.0         7.21735620785129        -6.07413726547781        -6.75228512199715    1.00782504
 C     6.0         3.52244527207197        -1.58623733140026        -8.25863576441570   12.00000000
 H     1.0         2.45525222780018        -0.30284467938857        -7.25941601668036    1.00782504
 N     7.0        13.17021219565109        -7.11423402581149        -7.91022815540379   14.00307401
 C     6.0        14.95658638095639        -5.41514406318050        -7.46104806705554   12.00000000
 H     1.0        14.27492389832237        -3.82598822695401        -6.27730875584371    1.00782504
 C     6.0        13.51574027014099        -9.03568989672788        -9.62438971849101   12.00000000
 H     1.0        12.03077898980942       -10.51061323597409        -9.85474057092867    1.00782504
