  -1.8203555037448550E-004  -5.8503595157457082E-005  -6.4232233477375664E-004
  -1.9831942332813667E-004  -3.1636653415748625E-004   3.3203981053861844E-004
   1.0714875494380295E-003   9.0347370852530799E-004   1.9838745806627535E-004
   1.5422795192521289E-004   3.3114375390418181E-004   1.1706535846042376E-003
   3.5554851133725229E-004   7.7986540594588815E-004  -1.2222960313684876E-003
   3.7559349327402381E-004  -2.6058319275799288E-004  -4.7970986966409186E-004
  -2.7247766429583272E-004   3.2597954763302633E-004   6.3895332992401491E-004
   8.4771748744402373E-004   1.1646437581214481E-003  -2.4917136637643361E-005
  -3.1095291078688084E-004  -3.0207716428074844E-004   5.5882591722036551E-004
   3.4639885994883571E-004   1.4292442186608016E-003  -1.5462300754891024E-003
  -1.3538506434013071E-004   3.0246416598355688E-004   8.9450434527759863E-005
  -1.3913087820854330E-004  -3.1134813204595330E-004   4.7124798858526128E-004
   4.9634792160769745E-004   2.8198802827501888E-004  -1.1048884142701239E-003
   5.0455209233491783E-004  -5.5618576799895507E-004  -2.1107897889058723E-004
  -1.5008581788174206E-003   1.5406453120884679E-003  -5.2143640862772260E-004
  -5.1561988123314986E-005   1.2314448426292029E-004   1.9978447563626404E-004
   1.8418761462537302E-004   1.2977866293704577E-004  -1.4623621306049579E-005
  -1.7738560342313633E-003  -1.3870387838437934E-004   6.1853864996226280E-004
  -2.1326384986950995E-005   1.8948135580138534E-004   2.0219220623262339E-004
  -8.5240481948912382E-005   2.1461881776110255E-003   1.5839271435243076E-004
   5.2489990512889251E-005   1.0662906120733594E-004   4.2602290245489729E-004
   1.7294984454857608E-004  -2.0333342477028131E-005  -8.0762094284214485E-004
  -1.9964944501077485E-003  -1.2419130422213585E-004  -2.5258517508194929E-003
  -2.5912318931093969E-004   8.2673074475990302E-005   9.6584391257304396E-005
  -4.5512624120883614E-004  -1.2405535221896107E-003  -2.7329779976144682E-003
   2.3414912991226244E-004  -6.8551968968470688E-005   3.4878875501876339E-005
   2.9554697916913021E-004  -5.8872954777226317E-004   8.6906512987342625E-005
   1.2991848397688247E-003   5.9034180939856215E-004  -5.4140470675606020E-003
  -3.5653667445743702E-004   4.3640710289279073E-004  -2.0823397134106552E-004
   8.5046479362072458E-004   3.9697366183625415E-003  -6.9195572033080939E-004
  -2.2280920981538178E-004   2.7953693298304991E-004   2.9721686305756844E-004
   1.2283136101197059E-004   5.5291441948846669E-005   5.6405709189487314E-005
  -1.7596454674953619E-004   5.9809289807376568E-004   1.2402391230962595E-003
   2.8768162051382709E-004  -1.1106473331407893E-004  -6.5865727359448679E-004
  -1.5896300637648377E-003   2.5338134067310095E-004   5.5096930796897921E-004
   4.5887861300426033E-004   4.9470466680379696E-004  -9.3798755201982234E-006
   9.9174386845697046E-005  -3.9627804354745017E-004  -1.1391794871208075E-004
  -2.1739850362826499E-003  -9.4359189790209103E-004   5.2091944895140511E-005
  -4.5408241235607829E-004  -7.3650722012478295E-004  -6.0067990605892289E-004
   2.1407546170957008E-004  -2.4977755944352479E-005   1.1596178424956684E-003
