   5.4231198477217866E-005  -1.6889794441066907E-004   6.8113727395225612E-004
   3.2056597874891208E-004   2.3397241046296431E-004  -3.7538405187792929E-004
   3.4276621022211775E-004   1.0737673336115071E-003  -6.2836982994067720E-004
  -5.0963449194522481E-004   1.4678886780716407E-006  -2.4916271713693944E-004
  -4.3358550493430292E-004   1.0403991425720473E-003  -1.3049023034668020E-003
  -7.9728023627940024E-005  -5.7214906725408357E-005  -3.2384465622954398E-005
   2.3985628759359834E-004   1.5700487967250159E-005   1.9115481320970188E-004
   8.8852224166594647E-004  -3.7602093034462845E-004  -1.1980808209745197E-003
   3.2678984092530123E-005   1.2600283797389636E-004  -1.3598563905490270E-004
   7.9559539442712967E-005  -3.0075978760261697E-004   1.1435980568799769E-003
   2.4998256427769921E-004  -2.6922281429135364E-004   5.0776308472400206E-004
  -1.2123227088382421E-004   1.4862042306666677E-005   6.9293278885292710E-005
  -1.5014087311009839E-003   2.9206984438047852E-003   2.6642433294099101E-003
  -1.4127737647307186E-004  -4.0465672116954946E-004  -8.6255121768776479E-005
   3.5281805480759385E-003   3.0006181147142821E-004   8.9528605607420346E-004
   3.3167151609915730E-004   3.5245045284801807E-004   2.5414039831400350E-004
  -6.4128097684055033E-004  -6.2542394353368820E-004  -7.2369608945285389E-005
   5.7748327865056025E-004   2.1724345983095287E-003  -7.7981017206152402E-004
   5.1183354767148353E-004   3.7713444762439409E-004  -6.2156454846507456E-005
  -1.0395399521052795E-003   9.9550678171954595E-005   3.0320828485195226E-004
  -3.4922788201075959E-004  -3.8415325206478916E-004  -2.5117589701037057E-004
  -2.0905902245800046E-004  -3.4349098111132592E-004   1.7670618398894346E-004
   8.4930555823430089E-005   2.2430617068246424E-003  -1.8110508922712669E-003
   4.8185865105117407E-004   7.4840906586752683E-004   1.5645976044343946E-004
  -1.0740614655346970E-003  -2.3261643951924243E-003   1.0580514448045725E-003
   3.3331422959799066E-004   1.0707174475412007E-004  -3.0502640539787376E-004
   1.4938463862836370E-004  -2.3520267453807912E-004  -3.1598759623459630E-004
  -8.7979225775612732E-004  -4.3479754584935942E-004  -1.9634999601518422E-004
  -5.5366260209148150E-004   3.8407705910161789E-004   5.0304041038813543E-004
   1.8680375464302241E-003  -2.2468514288552731E-003   1.0935642216030499E-003
  -1.6003936109148088E-004  -1.5990454151750428E-005  -3.7041440091703780E-004
  -3.3310271134640143E-004   4.8032827846250400E-004  -2.3479663477529444E-005
   7.6867302095353371E-004   5.5132642311360111E-004  -5.1983515042659085E-004
   4.8419479877395119E-004  -9.6254351768230190E-005  -1.2343361963335620E-004
  -1.3524854494499959E-003   1.5637666379799807E-005  -1.3873221431841181E-003
   2.4307656869396711E-004  -5.3251186908944989E-005  -1.5093908015781905E-004
  -4.0645406145026290E-004  -6.4301492518229576E-005  -5.7198634014486396E-005
  -1.4091963008947123E-003  -2.2838963650973041E-003  -3.6790302192913661E-004
   1.0709160733885157E-004  -5.6188379275291850E-006   4.5826657834528270E-005
  -1.3153736552651478E-003  -3.2566445272643471E-004  -3.6158547914237171E-004
