   2.0800339630151597E-004   1.7958296386903725E-004   2.7018364671361415E-004
   2.0208862044182504E-004  -7.0040580991124107E-005   4.5804721291001519E-004
  -8.1961599006504958E-004  -5.7307642293112681E-004   2.9316690949794276E-005
  -3.4015998274538098E-004   5.9896785834891900E-005  -3.6439359589461536E-004
  -1.6241811668279895E-003  -7.1296657818283775E-004   1.7912565832247488E-003
  -2.9027237664922830E-004   1.7245151159470817E-004   2.3572973965213886E-004
  -3.5328794491318368E-005  -2.1004871320388853E-004  -3.2704523724504011E-004
  -1.2003446096763956E-003  -6.9194467067244022E-004   6.6992604718260943E-004
   4.1157935130038486E-004   2.5688404820863943E-005  -2.1214456753689250E-004
   2.1619429728085034E-004  -2.0285254521446161E-004   1.2983311380819985E-003
  -5.4270323645842887E-005  -1.5103139211740106E-004   1.0783174820869656E-004
   3.7981063844352115E-004  -2.9135869817502353E-006  -2.0538154917746870E-004
   1.0377989535441033E-005  -1.9398320368719344E-003  -2.5438433764074335E-004
  -2.3364785293407371E-004   1.9122606897401930E-004   5.7107560928324266E-004
   1.1966988717031252E-003  -1.0613635839091778E-003  -6.3858276734898183E-004
  -2.3323691512847059E-004  -2.7712833634851861E-004  -3.6279128504861851E-005
   5.2930017322320121E-004   3.6803758044000724E-004   1.1540441532901907E-004
   2.6281692492652998E-004  -8.2973434082674936E-005  -1.3605500285106273E-003
  -2.6781402263638838E-005   2.4086159474905384E-004  -1.1503592531882385E-004
   2.5116085073248825E-005  -1.8453707701703761E-003  -2.5252555980166832E-004
   2.1972550483055154E-004   2.0636312913548447E-004   2.5865923958970702E-004
  -2.8757577676848220E-004  -2.1203632024776193E-004  -3.3976891365311145E-004
   3.3862321614382362E-004   1.2640812156756432E-003   3.0357428161952816E-003
  -3.6318086836666292E-004  -2.8263177372375394E-004  -9.5246811597216930E-004
   1.9366413024567569E-003   2.4459457247261122E-003   1.8958336796702996E-003
  -3.5627220121517256E-005  -2.7871969674360499E-005  -2.1849985148859276E-005
  -4.3599194811001783E-005   3.1111113792462125E-004  -5.2924913650061114E-004
  -1.7008929188116145E-003  -1.1530983280586844E-003   3.4393973372007745E-003
   6.5117582984702187E-004   3.9600669911832191E-005   1.6847170763548155E-004
  -1.1426213941805102E-003  -1.1761856185851032E-003   1.5591454272307172E-003
  -8.5063400157810975E-005  -1.0106556717704350E-004  -1.6534689074878769E-004
  -1.2322743420640383E-004  -2.8969675384797198E-005  -2.5464061770577508E-004
   9.2799906614316971E-004   6.0904644011277145E-004  -2.5611966304287876E-004
  -3.5642141697073158E-005   4.0056790460867150E-004   2.1132719544294493E-004
   1.0638899036987332E-003  -9.8316240912276116E-004  -3.9370404188345421E-004
  -3.6574729032893801E-004  -5.4403976695868890E-004  -2.5615516632724290E-005
  -1.9858944195607031E-004   3.3389968511267489E-004  -4.3850663549500077E-005
   1.8091219909771850E-003   7.8176692037563718E-004  -7.5168952709461637E-004
   2.3910227353141284E-004   9.7499953011235028E-005   2.9800254483402567E-004
  -3.8204462417928313E-004   1.2165531490005181E-004  -1.2866357756238923E-003
