  -2.1181336788231306E-004   3.1350439287178746E-005  -8.0715534983285902E-004
  -2.9916015965166800E-004  -2.6532482296781081E-004   2.3820379566469042E-004
   1.0156744319129681E-003  -3.4432160183505101E-004   1.1279488210459358E-003
   1.1381208794626941E-004   2.1716195071172471E-004   9.2321651133675975E-004
   1.5089661623479710E-003   1.2869041574766582E-003  -4.5681414743784383E-004
   2.1503161211414002E-004  -3.1328740997541108E-004  -3.2979014450952360E-004
  -2.4546452778716356E-004   2.1572326395311123E-004   6.6270240893452430E-004
  -3.0790825841390775E-006   1.3542958946412037E-003   9.0602636317607601E-004
  -2.0277465093146004E-004  -3.1589493581851984E-005   2.6421662982443317E-004
   9.3400287794844590E-004  -1.3832661181970539E-004  -1.1403223461861466E-003
  -1.8524496418561301E-004   3.3900150508057840E-004   4.2059183533880820E-005
   2.7286899300287151E-005  -5.4451725422909850E-004   2.2640113967250267E-004
  -2.3985938055859235E-004   3.5023030947701323E-004  -3.2435394468611363E-003
   3.2483400707302140E-004  -1.6093968071752334E-004  -4.2665561348362493E-005
  -4.7807676595558967E-004  -2.8468818553038897E-004  -2.1046384918092628E-003
  -1.7862501906627457E-004   3.5803462696407179E-005   1.8221545709994259E-004
   4.2463228533911880E-004   3.4710900941874623E-004  -6.0170527271960470E-005
  -1.4117993826513390E-003  -5.5958106810166219E-004   1.1705570240172849E-003
  -7.8019227142986792E-005   2.5947271607514933E-004   2.9383256641447934E-004
  -1.3061268194669248E-003   4.6911491082267750E-004  -1.1306224197108750E-003
   2.5689482014931128E-004   3.1853175072428210E-004   4.9803802064040704E-004
   7.0685801651223192E-005   1.0485855875788317E-004  -7.7306231894593328E-004
  -1.9122908864810891E-004  -5.5899062983805084E-004   2.2776920717422556E-004
  -2.9845735946117016E-004  -2.4798559816580007E-005  -1.0001026728611898E-004
  -2.4131246985458410E-003  -3.7617398784055068E-003   2.5309276598602700E-004
   5.1230395650510193E-005  -6.1665780235262385E-005   1.6047297335593781E-004
   3.0699560200318738E-004  -3.5412609761070529E-004  -1.0466164843864129E-004
   7.7091873421076531E-004  -1.7222688163703581E-003  -2.5422419241076938E-003
  -2.7622201254747495E-004   6.6713924160738348E-004  -5.4525481081557159E-004
   3.6185264333636409E-003   8.9085662381524738E-004   5.7704707859156600E-004
  -1.5048925631104426E-004   2.3126621173995851E-004   3.8719209426291487E-004
   2.6663330997081308E-004  -9.2014461568635082E-005   7.0893009115526612E-005
  -4.6451767629018408E-005   1.6394132544910427E-004   1.6982819462241659E-003
  -1.4092411212687397E-005   9.9619533151639763E-005  -3.7674039116323258E-004
  -2.5703586463052296E-004  -7.4387988192595818E-005   6.5914086905462168E-004
   2.8121089480019076E-004   1.2113760147495692E-004  -2.2207865741667284E-004
   3.0125706006364604E-004  -6.0794647678506849E-005   1.9415639105842061E-004
  -2.7524597951978963E-004  -1.2195174546502077E-003  -1.9675855772697528E-003
  -4.5006132587461177E-004  -4.9168886142054004E-004  -3.9571945942797244E-004
  -1.1614918462523058E-003  -1.5728325371729057E-003   4.6239749936336481E-004
