   9.9274158685891737E-005  -1.0109106244987155E-004   8.0421781282823113E-004
   3.4960100499043710E-004   2.4589078314248540E-004  -2.3192030545402214E-004
   6.0231372004289666E-004   1.5117423801127067E-003   3.2052547488253585E-004
  -6.4408674981343832E-004  -2.2354111945482321E-004  -4.4068740865773590E-004
   1.0034340853809526E-004   1.9001322990950368E-003  -8.3793924039924294E-004
  -2.9726043530856267E-004   3.5960558263391842E-005   1.9946817184427525E-004
   2.5986131189555161E-004  -2.3502122811651745E-004   9.8237761805983274E-006
   2.2181012439336862E-004   8.3354816366239165E-005  -1.2047808605970827E-003
   4.4078937785062397E-004   2.1131021996105635E-004  -4.9298002524389558E-004
  -9.4552244059229709E-004  -1.8937302021379755E-004   2.1001113459678173E-003
   2.2793429944089179E-004  -3.5257774134605575E-004   3.5034590542385656E-004
   6.6307143580545782E-005   6.0198057532527044E-005   1.8976694242912215E-005
  -1.9263685186985567E-003   2.3537079522989606E-003   1.9966280567852699E-003
  -8.9692773299337089E-005  -4.0967265472182919E-004   2.1833727676316288E-004
   1.8267673633964685E-003   2.1925109804496351E-003   2.3101823179991015E-003
   1.8946562243795669E-004   2.3014857480438026E-004   2.2801383998097518E-004
  -3.7896573341277977E-004  -4.9341045884551281E-004  -8.1071359014975474E-005
   1.0680498671902022E-003   1.9037842550083176E-003  -1.1579441772018636E-003
   3.4781878826643542E-004   2.7654062201966855E-004  -2.4369231112690522E-004
   1.3696668940882122E-003   4.2187559237064347E-004   7.7047010966110961E-004
  -1.9642051995074500E-004  -2.0366854493836250E-004  -2.1016949242086288E-005
   3.2756914593709858E-005  -9.3347985973886614E-005   1.3673103358342802E-004
  -2.4705433980130413E-003  -7.7233460151020434E-004  -1.0837527275099886E-003
   8.6459491279353509E-005   3.3472193856531906E-004  -4.3085985416388363E-004
   1.0780699119863652E-003   4.0435949470396445E-004   2.0550216233713890E-003
   1.9311376828835974E-004   1.3249934236236497E-004  -2.7503449469796446E-004
  -4.7318045259012897E-005  -4.3950119669825032E-004  -1.1771708399365085E-004
  -1.2605974743529797E-003   4.0386947940094136E-003  -1.3911601075625175E-003
   7.4455037507853056E-005   1.2575418196287089E-005   5.1522359139304866E-004
  -1.4208769383081603E-003  -1.0053606205091887E-004   1.6118109767306623E-003
  -1.0075904859974245E-004  -1.2103740975863777E-004  -2.7484550736750496E-004
  -2.9417100852143462E-004   3.3241192445554533E-004  -3.1937151055851201E-004
   6.4518807995703762E-004   8.9746130559196840E-004  -8.3020686195825521E-004
   3.4518426607182365E-004  -5.5899203169142644E-005  -1.5705025940535627E-004
  -1.3270869925710114E-003   1.7601349788272007E-003  -9.6718037163058009E-005
   9.5382150861683960E-005  -4.4444024192914842E-004  -2.8448040305887213E-004
  -5.3882261692758183E-004   3.0303040065159506E-006  -5.3913373959884255E-005
   2.1910550479059069E-004   9.4704632975498506E-005   3.7132778133830966E-004
  -2.4075009655431649E-005   1.2640351276743049E-004   3.6591564052871077E-004
   2.4065796556471260E-004   1.6130445606442351E-003  -5.3267840740121582E-004
