  -1.5056428900090240E-004  -8.5839817357622993E-005  -4.7613644939940321E-004
  -8.2003521929648718E-005  -2.0188770900144104E-004   3.3974469934190655E-004
   5.7993746366749729E-004   3.7127724055028790E-004  -6.1098269916355023E-004
   1.6261916645812576E-004   3.7684811721391511E-004   1.0954961026740056E-003
  -6.6112457678627924E-004  -2.9651493702050505E-005  -9.7826785338312730E-004
   3.7195097784167586E-004  -2.3080855646809070E-004  -4.7800726742319223E-004
  -2.1459432879064366E-004   3.7736752995948329E-004   5.6393867097700751E-004
   1.0317091645589262E-003   3.0622360105114364E-004   2.0081682246064938E-006
  -3.4818911055442222E-004  -3.1631519963129073E-004   5.8446175336018997E-004
   2.7605982130554814E-004   1.5677023703138801E-003  -1.4189268244667792E-003
  -7.2266006199064742E-005   2.3003535477690343E-004   1.8392940423017043E-004
  -2.6477491843695199E-004  -1.2396752320102976E-004   4.0052497766939453E-004
   1.2106655274148172E-003  -5.1199646711811689E-004   3.7387521655143842E-004
   4.2927281231550194E-004  -6.1794532433402151E-004  -2.6944477675827264E-004
  -6.0651298526407629E-004   1.5005787186122023E-003  -2.8958157475745172E-004
   6.3413040418055646E-005   1.6174361969042040E-004   1.9175829274662462E-004
  -6.7261637004693628E-005   6.2935510934046746E-005   5.8029385460228233E-005
  -1.4762562039750829E-003  -6.9468447266165070E-005  -9.2766306875140912E-005
  -2.3236389612938330E-005   1.5315508987925173E-004   1.9452448772500514E-004
   2.7020548766744476E-004   2.4402799498314223E-003   5.3199906617895903E-004
  -4.3504907867326390E-005  -2.0906519833716634E-006   3.4926769793916919E-004
   1.2961477085690043E-004  -1.2521971386469707E-004  -7.7476056460915391E-004
  -1.9264468422899880E-003   4.9325427251042399E-004  -3.0843809319762369E-003
  -2.2103453988747888E-004   1.2972779865530869E-004   1.8846860664609765E-004
   5.2340474049660402E-004   1.4491537750931893E-004  -3.5923906320586376E-003
   2.9665353545389441E-004  -5.5641345746498839E-005  -3.6529343109730761E-005
   2.9964055285821542E-004  -5.2326114771069753E-004   7.0979990295861928E-006
   1.1836378115225562E-003   2.1291813678111447E-004  -4.7814924766517494E-003
  -3.5702073395636643E-004   2.8555721000884476E-004  -3.6763980442538334E-005
  -3.2013265806602273E-004   4.9674639131986531E-003  -9.7240632982276392E-004
  -2.3418188021187577E-004   2.6252946975435917E-004   1.6415651389900610E-004
   3.9284793633725678E-005   1.4586294879024791E-004   1.0990966568930752E-004
  -2.1861814547768888E-004   7.9695295617011094E-004   7.7899384811861653E-004
   3.6417375751017825E-004  -1.2008526427308719E-004  -5.8309656812727262E-004
  -1.4259059089951768E-003  -3.4073929922336929E-004  -1.6363022227320126E-004
   4.3615110804228353E-004   5.6389084824751297E-004   6.7531781835586291E-005
   8.4243045981096954E-005  -5.0807500002502174E-004  -2.6323384366026625E-004
  -2.8607744458810465E-003  -3.6926828725941294E-004   9.2771195113911821E-004
  -3.0696668443078992E-004  -7.3921833690933727E-004  -6.6004419940027096E-004
   4.1874886829216081E-004   1.7168228303038457E-004   1.4179967875896677E-003
