  -1.6510742580333574E-004  -7.2562836582928353E-005  -5.6050166853151132E-004
  -1.4714428194639777E-004  -2.6719144635419992E-004   3.2769500308574214E-004
   8.5067838882383327E-004   7.0935937179877374E-004  -1.6707229918110639E-004
   1.5907204120539422E-004   3.5693288745654143E-004   1.1344149628528372E-003
  -1.4566966446745387E-004   3.7409413694379051E-004  -1.1109635247019535E-003
   3.7947515222961422E-004  -2.4206893607717393E-004  -4.8831834135481438E-004
  -2.4167006095152696E-004   3.5530900889726730E-004   5.9924573420744732E-004
   9.4758870921227904E-004   7.5347568007306479E-004  -1.9160844750695833E-005
  -3.2260696209732577E-004  -3.2485293650001386E-004   5.7977638092735709E-004
   2.7255419122934371E-004   1.5652857827300540E-003  -1.5003410958850593E-003
  -1.0664475256965769E-004   2.6921238589550995E-004   1.3115089659095430E-004
  -2.0372585145871341E-004  -2.1513312321909492E-004   4.4558754448459462E-004
   8.6930893004055364E-004  -1.3455381340106808E-004  -3.5470423523747686E-004
   4.7701630390314161E-004  -5.9604057663292776E-004  -2.4097730449790911E-004
  -1.1244314879869694E-003   1.5766229527230699E-003  -3.7465870834963680E-004
  -4.0568687823868066E-006   1.4028657918920711E-004   1.9224323848236304E-004
   9.3132668256017405E-005   8.1687421145906999E-005   1.7489078557557142E-005
  -1.6734948387019148E-003  -7.9880117518748667E-005   2.9552129659678211E-004
  -1.1265431579602440E-005   1.8292576294854138E-004   1.8575610687667524E-004
   1.1423204604284675E-004   2.3370336528554195E-003   3.8128313667192953E-004
   4.1585424585643735E-006   5.1796326582498705E-005   3.8087333223339379E-004
   1.5885382421160167E-004  -5.8200408678780242E-005  -7.7962145244593183E-004
  -2.0484372342176936E-003   1.2416976993104192E-004  -2.9052185066545540E-003
  -2.3728435371029214E-004   9.4676291910977025E-005   1.5887469487050116E-004
   3.6401509589330754E-005  -5.2202468742938181E-004  -3.2278802069474971E-003
   2.6757012109374518E-004  -6.2774800054839970E-005   2.0446825679993897E-006
   2.8975917035913565E-004  -5.8085410050258825E-004   6.9388388957971538E-005
   1.2774657572339205E-003   6.2408648876942265E-004  -5.3487643750506891E-003
  -3.5415570070216425E-004   3.5592360236262155E-004  -1.1545203865356660E-004
   1.1351871994006643E-004   4.6205228038642019E-003  -8.7574209711288467E-004
  -2.2995551197783215E-004   2.7387045080220145E-004   2.3628335379225954E-004
   8.2775993787677143E-005   9.8729733166405174E-005   7.9716708513622738E-005
  -2.0487694958019897E-004   7.0298437647318285E-004   1.0082361008969646E-003
   3.3173959096977854E-004  -1.2339623963450260E-004  -6.3419351786309552E-004
  -1.5793650422552376E-003   2.5064088893963641E-005   2.4263711068320295E-004
   4.5552096569324884E-004   5.3455037279327407E-004   3.0047927454972077E-005
   7.2952394196540633E-005  -4.4714295408075904E-004  -1.8236251918629851E-004
  -2.4992095700099477E-003  -7.2627900724066708E-004   5.3309063255353706E-004
  -4.1022578469121685E-004  -7.5168560481096204E-004  -6.2562241456627990E-004
   3.7655880233611951E-004   1.7378661312915245E-004   1.2728157928091567E-003
