 N     7.0         0.24019328780999         0.11002287168298         2.40973413928532   14.00307401
 C     6.0         1.25841832819392         1.75369133381178         1.05940676866666   12.00000000
 H     1.0         2.20945149980284         3.32580114600526         2.06387470531987    1.00782504
 C     6.0        -1.18967705653877        -1.49293861155195         1.33669367889156   12.00000000
 H     1.0        -2.17262436640560        -2.91378721226096         2.35959711697110    1.00782504
 N     7.0         8.64159716598074         3.33346981337459         1.96388566271157   14.00307401
 C     6.0        10.39828271677553         1.56130987200100         1.96246028852408   12.00000000
 H     1.0        10.09161412191958         0.11427865928142         3.29286460335738    1.00782504
 C     6.0         8.88712794730733         5.01285192691317         0.21075201196221   12.00000000
 H     1.0         7.66785915469358         6.59534254191018        -0.35111312112200    1.00782504
 N     7.0        -5.17264720737652         3.61190593700521         6.36323155261933   14.00307401
 C     6.0        -6.22788604351413         5.39802815152015         7.77087387600115   12.00000000
 H     1.0        -7.13576438280754         6.50157495285626         6.13439636393024    1.00782504
 C     6.0        -3.72875082736805         2.07853794788830         7.83831101235802   12.00000000
 H     1.0        -3.30975261047973         0.32389604736664         6.72661295784024    1.00782504
 N     7.0       -12.95148303155512         7.04317334005415         8.23449103653913   14.00307401
 C     6.0       -14.78461190542916         5.59896493833422         7.72908128762623   12.00000000
 H     1.0       -14.76064615400121         3.97315388603763         6.60438692372393    1.00782504
 C     6.0       -13.57914483097124         8.70872908763458        10.06584021711705   12.00000000
 H     1.0       -12.05689147065213         9.87733900052441        10.56696430665073    1.00782504
 N     7.0        -0.37704743558117         0.23699506568113        -2.89700106306679   14.00307401
 C     6.0        -1.64544961597093        -1.37143683267407        -1.34754895920185   12.00000000
 H     1.0        -2.78801763714405        -2.85097567425461        -2.00430764554942    1.00782504
 C     6.0         1.04672499180471         1.83162119529008        -1.57287034622678   12.00000000
 H     1.0         1.67572591394115         3.10123915469384        -2.86778322218876    1.00782504
 N     7.0        -8.28179666419093        -3.76660482095339        -1.09620276660558   14.00307401
 C     6.0       -10.18940166282845        -2.04298452239144        -1.32297155084757   12.00000000
 H     1.0        -9.59978381128079        -0.58312779722785        -2.77106137731530    1.00782504
 C     6.0        -8.50901486096372        -5.54469516536323         0.54272370498468   12.00000000
 H     1.0        -6.86430799275244        -7.25841962260992         0.48926862025500    1.00782504
 N     7.0         4.82824613572689        -3.30710651586039        -6.73449947012474   14.00307401
 C     6.0         6.10110697466124        -5.13859428789505        -8.06442904796789   12.00000000
 H     1.0         7.07437222295704        -6.65408994489675        -6.99640462122612    1.00782504
 C     6.0         3.36764654258811        -1.66938644019474        -8.12981135193884   12.00000000
 H     1.0         2.79787767885029        -0.09913696374507        -6.87811854578378    1.00782504
 N     7.0        12.98574870115388        -7.01776489278299        -7.71246245151382   14.00307401
 C     6.0        15.00643461645161        -5.30008556075840        -7.44305962948665   12.00000000
 H     1.0        14.79155872943346        -3.80483218968883        -6.22567344809287    1.00782504
 C     6.0        13.68867088664447        -8.80194368722573        -9.51189151468358   12.00000000
 H     1.0        12.37795235136692       -10.49977503797975        -9.79367241171793    1.00782504
