 N     7.0         0.29018815394028         0.07518859648469         2.70490968422832   14.00307401
 C     6.0         1.41712582366982         1.84983845684891         1.01385774663364   12.00000000
 H     1.0         2.18134716214660         3.51899345832957         1.79669028613847    1.00782504
 C     6.0        -1.42156235134849        -1.48199036904596         1.19773412032595   12.00000000
 H     1.0        -2.73509048269800        -2.78302252832404         2.37098626154475    1.00782504
 N     7.0         8.56457782551123         3.33286145909676         1.98955566208001   14.00307401
 C     6.0        10.48108993920784         1.54139031794205         1.98378573037147   12.00000000
 H     1.0        10.19756799895705        -0.24360471665223         3.08617612309080    1.00782504
 C     6.0         8.97959713827097         5.06814882531711         0.11598651655544   12.00000000
 H     1.0         7.61328929874565         6.50626081157848         0.29565644034551    1.00782504
 N     7.0        -5.09031873544697         3.49254037190957         6.55748420359493   14.00307401
 C     6.0        -6.23349693047191         5.42712386247017         7.76551674116472   12.00000000
 H     1.0        -7.49622092618681         7.01718105352416         7.25451008939080    1.00782504
 C     6.0        -3.78681880971556         1.91223367569072         7.90081586485159   12.00000000
 H     1.0        -2.03965921039238         0.65937777232374         7.15977503275869    1.00782504
 N     7.0       -12.88562099586229         7.12769883424347         8.33183626975979   14.00307401
 C     6.0       -14.92012171413948         5.44957480495287         7.73865532541084   12.00000000
 H     1.0       -14.48751714922065         4.55796397924568         5.86967971352894    1.00782504
 C     6.0       -13.41408647467984         8.86596338329789        10.00410184279308   12.00000000
 H     1.0       -11.96885971554245         9.94497282934095        10.79182019370441    1.00782504
 N     7.0        -0.45879629609645         0.14571106691177        -2.91100857757190   14.00307401
 C     6.0        -1.72126862632563        -1.48717829832437        -1.36900271154688   12.00000000
 H     1.0        -3.13005064898940        -2.31092738261056        -2.33800224629798    1.00782504
 C     6.0         1.08467711728354         1.96918912750633        -1.68163851299574   12.00000000
 H     1.0         2.18201796342316         3.49307994767520        -2.52544226725742    1.00782504
 N     7.0        -8.16402809976986        -3.72732594694418        -1.21503189603588   14.00307401
 C     6.0       -10.14333931048191        -2.11535212118254        -1.50170430066206   12.00000000
 H     1.0       -10.15537250736544        -0.63021559017737        -2.55774202518642    1.00782504
 C     6.0        -8.54212903757206        -5.48032311138060         0.75833123143508   12.00000000
 H     1.0        -7.12678561747244        -7.19221565385323         1.06600014979465    1.00782504
 N     7.0         4.75460582451711        -3.32679535818316        -6.87636737237288   14.00307401
 C     6.0         5.96841652588689        -4.97738978783101        -8.13401719282680   12.00000000
 H     1.0         7.39296923917477        -6.20974886839569        -7.28187532793510    1.00782504
 C     6.0         3.53874054230776        -1.64236329156908        -8.16936915334907   12.00000000
 H     1.0         2.45371984146537        -0.19959450962719        -7.40367343153588    1.00782504
 N     7.0        13.04003560574161        -7.12221980814394        -7.78533305534204   14.00307401
 C     6.0        14.80520371608387        -5.32952148924347        -7.50224170358624   12.00000000
 H     1.0        14.55310038861142        -3.95021728520553        -6.03020536561434    1.00782504
 C     6.0        13.71605720607375        -8.82428172767465        -9.45304490146523   12.00000000
 H     1.0        12.16594525458709       -10.20520740616270       -10.00682139462356    1.00782504
