   2.1611693838428502E-004   1.7359421736441068E-004   3.3423847423130293E-004
   2.4249200875338538E-004  -1.8444030217529422E-005   4.4359849193396743E-004
  -8.5495189786278321E-004  -6.3319514164480507E-004  -3.2883673875170038E-005
  -3.8543361986791310E-004   3.6268152913307409E-005  -4.1831791500346490E-004
  -1.6883330036104418E-003  -7.4086033418093941E-004   1.8838195514838290E-003
  -3.1501828486220384E-004   1.7053074076709199E-004   2.5432280543903868E-004
  -9.8942774324925070E-006  -2.2179294197430277E-004  -3.3522254183569560E-004
  -1.2394551158444738E-003  -8.0622753318062928E-004   7.5422481849022054E-004
   4.4195853578212472E-004   5.8279496936770754E-005  -2.5794991317794021E-004
   1.1168517517068713E-004  -2.8467941009420987E-004   1.4826787379157915E-003
  -3.4478098608041672E-005  -1.7083008826266163E-004   1.3370414596101864E-004
   3.7381367343535232E-004   1.5141765558287712E-005  -2.2918910836819287E-004
  -2.3418791566157827E-005  -1.9232222493256743E-003   7.5380358674125963E-005
  -2.4815743827159869E-004   1.6431911149182956E-004   5.8062919364830815E-004
   1.3300093808540749E-003  -9.3078546248450734E-004  -5.1140899221851122E-004
  -2.3012432042942069E-004  -2.7060908915246384E-004  -2.6369103360176013E-005
   5.1244834522233594E-004   3.5306868492327760E-004   1.2422900659080722E-004
   3.7832935354715417E-004  -1.6296380169553669E-004  -1.5962581044123936E-003
   3.7908928026394835E-006   2.5476129294219827E-004  -1.3837087547292659E-004
   2.2275717364831339E-004  -1.7472308569810833E-003  -1.7472181774289881E-004
   2.1389990564030505E-004   1.9535648088080910E-004   2.7429175289796188E-004
  -2.7915343113872940E-004  -2.1217932525591980E-004  -3.3038254367117128E-004
   1.3550947646369691E-004   1.1184759253277292E-003   2.9509800823047235E-003
  -3.8213142242125495E-004  -2.9945442491522426E-004  -9.8067127796935935E-004
   2.2312967390187175E-003   2.8636644108150939E-003   1.8708699985855435E-003
  -2.5661253033512404E-005  -1.3931844550746626E-005  -4.2519940035565791E-005
  -3.0989797985242125E-005   3.0740053039341505E-004  -5.4928513193303096E-004
  -1.9191031000429079E-003  -1.2158518284694077E-003   3.6084955484388232E-003
   6.7583163383495197E-004   5.2795668422194137E-006   1.9460185437359696E-004
  -1.5335305505272076E-003  -8.4591078638945470E-004   1.6791156322324115E-003
  -8.8376333399477943E-005  -1.1127914011342045E-004  -1.8330709451342111E-004
  -1.4578122807156822E-004  -1.2491541469207150E-005  -2.7389435238126946E-004
   9.4122542706347233E-004   7.3978580172186247E-004  -3.3977608833194784E-004
  -1.1125180581223510E-005   4.0761546870138901E-004   2.1932919356191670E-004
   9.9181117145047686E-004  -1.0281789435594966E-003  -5.0459747807990506E-004
  -3.5240617619210625E-004  -5.6847346295969998E-004  -4.7565124918291134E-005
  -2.5077771121356752E-004   3.1455145421027198E-004  -5.2164380045863097E-005
   1.8334126324988909E-003   1.0420279642541601E-003  -5.3101547679310275E-004
   2.2080394091370984E-004   9.5843282946084460E-005   3.2643298728578598E-004
  -2.8091805628470759E-004   3.5167886522926434E-004  -1.3066191434379293E-003
