   1.3948669094652604E-004  -4.9640627483884933E-005   7.8215366481120419E-004
   3.8272601132796955E-004   2.5469218855507790E-004  -9.9439785577494841E-005
   1.9149416174388221E-004   9.8177536172815681E-004   2.3489079974558193E-004
  -6.4781987717149473E-004  -2.0757311145758428E-004  -5.3175156489845170E-004
  -3.9605022582115768E-004   1.2304910026265138E-003   1.2748039308656356E-004
  -3.2655270766876644E-004   6.0575088930080139E-005   2.4032280994630716E-004
   1.9298445774444193E-004  -2.6398229713177216E-004  -9.7413861017691590E-005
  -2.2906569190893014E-004  -1.9854441036162173E-004  -5.6262646112559028E-004
   4.9950132733509172E-004   2.3099423648909747E-004  -4.9945775784354283E-004
  -1.0064943286487590E-003  -3.0247401134927141E-004   2.1904350092790369E-003
   1.7758409540603623E-004  -3.4238233914511072E-004   2.6323045710682536E-004
   1.1417324122902123E-004   1.0809566735731762E-004  -5.3244046630512399E-005
  -1.2628621258187461E-003   1.0769371601562900E-003   2.0757993467446730E-003
  -1.1334718728780154E-004  -3.1284476959561667E-004   3.7418229328552632E-004
   1.6442315023554111E-003   1.8579943239576699E-003   1.9506191236623662E-003
   5.4565570228107548E-005   1.1231953069607505E-004   1.8383528521936002E-004
  -1.5057619150882481E-004  -2.8312245084438501E-004  -1.9433090495726237E-005
   1.0533927802717910E-003   1.1840189829913858E-003  -1.5926411206635240E-003
   2.5332864802325819E-004   2.3792928575933975E-004  -2.7895258971546641E-004
   2.0338512574675674E-003   3.8257978710090753E-004   8.2105616149885717E-004
  -8.7852280168892086E-005  -9.9954013907859875E-005   8.9779346702090847E-005
   5.3614366206511606E-005  -1.0600374838744870E-005   6.5267481299462779E-005
  -2.8622603652482528E-003  -1.5919419570378241E-003  -3.5223911963773859E-004
  -1.0223075334833498E-004   8.5119196531549819E-005  -6.4019737482248881E-004
   2.0229778131060257E-003   1.9660461087155907E-003   2.0303727238237031E-003
   1.0375446127401394E-004   1.2294954243806212E-004  -2.2785720979869600E-004
  -3.2784322659332781E-005  -3.8227547316866333E-004  -1.2667739794731655E-004
  -1.4090151574207353E-003   4.1821639030433398E-003  -1.0790131073263845E-003
   3.8896692188581094E-004  -1.7001810844355443E-004   4.3973875907465839E-004
  -2.9878371263601304E-003   1.5606130215276126E-003   1.7158592448936489E-003
  -8.4360038468969884E-005  -1.3856693217828878E-004  -2.0735307404482880E-004
  -2.5706368772458407E-004   2.4217414927640198E-004  -3.9707911603678662E-004
   5.2214923497104747E-004   1.0946629609161487E-003  -9.1408511235895214E-004
   2.4782941154690753E-004   4.5075544457097873E-005  -1.1232972179102505E-004
  -8.3326416179021199E-004   1.4160399714845809E-003  -4.4981011543930879E-005
   1.0709474478459657E-005  -5.4246626690897704E-004  -2.7890910317356511E-004
  -5.3680037822247508E-004   2.1072416577364066E-005  -7.3792766384208551E-005
   8.4738021939322235E-004   1.2035750089326653E-003   7.0645793259232472E-004
  -3.6062172050698722E-005   1.2477237471864491E-004   4.2319355581870360E-004
   5.7599818242568554E-004   2.0026711104020435E-003  -7.0096016101355170E-004
