   2.2753056684748327E-004   1.5123021076406362E-004   4.8187794203941151E-004
   3.1518415384400100E-004   7.9619653300649646E-005   3.6185188673188155E-004
  -8.7640138923944749E-004  -6.2652101988127111E-004  -1.4930164113889370E-004
  -4.8551758095307491E-004  -1.5985085578125549E-005  -5.2737248927883459E-004
  -1.6501370368468041E-003  -6.5543373827583258E-004   1.8574537692176937E-003
  -3.6266264739468927E-004   1.6111114875669221E-004   2.9591247109474515E-004
   6.0861342804594741E-005  -2.3764820196637291E-004  -3.4215752374346071E-004
  -1.2463325895436938E-003  -9.5907497183205361E-004   7.6186367106110479E-004
   5.0121209412954618E-004   1.1981561672463381E-004  -3.5976346210918455E-004
  -1.3099125637283836E-004  -3.9748804981618187E-004   1.8100359116683914E-003
   7.4609270647450942E-006  -2.0617815544959656E-004   1.9671954650966420E-004
   3.4767854293550154E-004   4.2173407506150302E-005  -2.7242801394668014E-004
  -1.0040263381573775E-004  -1.7350871058419773E-003   7.2007565512598908E-004
  -2.6729516542734394E-004   9.6849796410420814E-005   5.6448447794694133E-004
   1.5536635061664968E-003  -5.2685782869749229E-004  -1.6739012116790235E-004
  -2.2596077613766809E-004  -2.2978097433273194E-004   1.7287667532765923E-005
   4.5384394750355744E-004   2.9439506729749996E-004   1.2397108485256810E-004
   5.6967637429950683E-004  -2.2339011336817473E-004  -1.9605979955377353E-003
   6.0013442327875997E-005   2.5302567760877317E-004  -1.9299057879079888E-004
   7.2235920612293285E-004  -1.3456760417562181E-003   4.7173277094505799E-005
   1.7925613457272219E-004   1.4902662869598917E-004   2.5471001925272426E-004
  -2.3623524529546670E-004  -1.7508828520151589E-004  -2.6008859186800031E-004
  -4.5950110549608031E-004   5.2990139226527337E-004   2.5613667266404308E-003
  -3.7547123547560527E-004  -3.0750499466451699E-004  -9.6717607195876082E-004
   2.6362968379947016E-003   3.5290922552140926E-003   1.8719530116727862E-003
   9.8865148306273820E-006   1.9286322271595052E-005  -9.5267513661844837E-005
  -3.5926353558878194E-005   2.5647196976725362E-004  -5.4088074265382698E-004
  -2.1919429735682765E-003  -9.9826072395530299E-004   3.5930609114424193E-003
   6.8344245977065452E-004  -6.6031571914782234E-005   2.6510520708206457E-004
  -2.2159219949884519E-003  -1.7786759795970439E-004   1.8081322097774377E-003
  -8.9618164179871367E-005  -1.2841552111683208E-004  -2.3173730835682755E-004
  -1.8763828686273141E-004   2.7597309934867759E-005  -2.9225143235044547E-004
   9.0221563061323941E-004   9.7633546472071216E-004  -5.0174759154826619E-004
   4.6886267856613461E-005   3.9225722434991172E-004   2.2625666088238106E-004
   7.3198551037175711E-004  -9.5196811670983979E-004  -6.0425628147292706E-004
  -2.9375020601517482E-004  -6.1252192497509184E-004  -1.1607152584091743E-004
  -3.4317248593339735E-004   2.4929013691857586E-004  -6.5123980968695983E-005
   1.8289704423140088E-003   1.5360758708174230E-003  -2.6266799820097484E-005
   1.6328542424943465E-004   1.1635881127960243E-004   3.8832530196169406E-004
  -2.8784937258332480E-005   8.0983866519824870E-004  -1.3042618240774182E-003
