 N     7.0         0.25076186179648         0.11844933440179         2.42630751216544   14.00307401
 C     6.0         1.27021774316157         1.75270983449689         1.08054541262338   12.00000000
 H     1.0         2.16800108943871         3.29612449888281         2.06237714175542    1.00782504
 C     6.0        -1.20872007782746        -1.49122197403447         1.31613509387501   12.00000000
 H     1.0        -2.25362083009475        -2.94861603800504         2.44964443842926    1.00782504
 N     7.0         8.62618938903450         3.34178550460149         1.97639330060267   14.00307401
 C     6.0        10.39796874772189         1.55051559868213         1.94612937926482   12.00000000
 H     1.0        10.03164176485234         0.07568772893090         3.32797336202799    1.00782504
 C     6.0         8.90874255609611         5.01564543494638         0.19804185464508   12.00000000
 H     1.0         7.67310786474570         6.58195555288684        -0.27897327289144    1.00782504
 N     7.0        -5.17432616549087         3.60358550625189         6.36987970283232   14.00307401
 C     6.0        -6.20968562316456         5.39867050855941         7.75970323727050   12.00000000
 H     1.0        -7.13700226813539         6.40875604393104         6.13755556080785    1.00782504
 C     6.0        -3.74081303436819         2.08648203073062         7.86641462833136   12.00000000
 H     1.0        -3.24512868473213         0.27958502724498         6.70230516963339    1.00782504
 N     7.0       -12.96290005371666         7.03020359283533         8.23349429721925   14.00307401
 C     6.0       -14.75967482809229         5.61604240452474         7.73498424720301   12.00000000
 H     1.0       -14.74273932025448         3.96634329485638         6.52750903275216    1.00782504
 C     6.0       -13.57905042607830         8.72081360265959        10.05898791794124   12.00000000
 H     1.0       -12.04508322654002         9.79391791783243        10.55892943856606    1.00782504
 N     7.0        -0.36679472777521         0.24630977591410        -2.88412770905145   14.00307401
 C     6.0        -1.65893587450487        -1.38147798878143        -1.36314778696144   12.00000000
 H     1.0        -2.78308073826575        -2.79912058457362        -1.86172089293368    1.00782504
 C     6.0         1.02854425968062         1.81723954744992        -1.62013363912917   12.00000000
 H     1.0         1.78297257317105         3.23978835779952        -2.77548293453000    1.00782504
 N     7.0        -8.28291201033364        -3.76725131665727        -1.09837942146749   14.00307401
 C     6.0       -10.19122866909977        -2.02833602226153        -1.34942703211088   12.00000000
 H     1.0        -9.69214198661443        -0.63943336574259        -2.59756551834937    1.00782504
 C     6.0        -8.47629427847888        -5.54442429495436         0.55242598571602   12.00000000
 H     1.0        -6.93807124295255        -7.30020745813547         0.57033264533949    1.00782504
 N     7.0         4.82396593290581        -3.31252029168173        -6.74360629514958   14.00307401
 C     6.0         6.09401058629896        -5.13916115068418        -8.07763357320584   12.00000000
 H     1.0         7.11987116561173        -6.61815609363831        -7.01289975869533    1.00782504
 C     6.0         3.36716981570682        -1.64969446171031        -8.11915095080355   12.00000000
 H     1.0         2.84541760807051        -0.14780171806496        -6.90142618720415    1.00782504
 N     7.0        12.96890214292627        -7.04562068789816        -7.71519645804000   14.00307401
 C     6.0        14.99432081601246        -5.28507411789980        -7.44551801928207   12.00000000
 H     1.0        14.88113958806868        -3.75422377429025        -6.25148294190612    1.00782504
 C     6.0        13.69918536037802        -8.79679195220886        -9.49577619585917   12.00000000
 H     1.0        12.36514572612369       -10.48267816080485        -9.85713283960433    1.00782504
