 N     7.0         0.27396633021610         0.12448050380411         2.50779664821449   14.00307401
 C     6.0         1.31657249414282         1.77790779037564         1.09694321676880   12.00000000
 H     1.0         2.11666795772744         3.30148524254162         2.05880800887378    1.00782504
 C     6.0        -1.28119554435162        -1.50669393444009         1.24630185231262   12.00000000
 H     1.0        -2.38694725944229        -2.92233603982121         2.58983037436607    1.00782504
 N     7.0         8.58141111131406         3.35531923949629         2.01141606984455   14.00307401
 C     6.0        10.41542897602543         1.51875543173679         1.91710768287420   12.00000000
 H     1.0         9.93129182098313        -0.00793159959892         3.35622641554010    1.00782504
 C     6.0         8.97348681337166         5.04019015718346         0.14121901288324   12.00000000
 H     1.0         7.59371552392183         6.53052350906817        -0.01867104431995    1.00782504
 N     7.0        -5.16236586131387         3.56882605960099         6.39858587718522   14.00307401
 C     6.0        -6.18253348658717         5.41003263294031         7.73693141509692   12.00000000
 H     1.0        -7.20767933178431         6.35097787092972         6.34431930207467    1.00782504
 C     6.0        -3.76447715535290         2.07281608117779         7.92667678152115   12.00000000
 H     1.0        -3.04339707633233         0.36749444958323         6.82043322277830    1.00782504
 N     7.0       -12.97488268235688         7.02246603136113         8.24620695886654   14.00307401
 C     6.0       -14.74003566727724         5.61877681638769         7.74307305589446   12.00000000
 H     1.0       -14.63484951299631         4.00650845261838         6.28576050558533    1.00782504
 C     6.0       -13.56031030934496         8.74949988127847        10.02737021048053   12.00000000
 H     1.0       -11.83602393691194         9.75675494527717        10.62257352978467    1.00782504
 N     7.0        -0.36009631561136         0.25000694872394        -2.86013843326270   14.00307401
 C     6.0        -1.66611469188686        -1.38789331745705        -1.37410233498721   12.00000000
 H     1.0        -3.03425212628400        -2.92250487395769        -1.73634546024676    1.00782504
 C     6.0         0.99436874452291         1.79734591789729        -1.72278337763985   12.00000000
 H     1.0         2.10706563988547         3.63684486798807        -2.53989973981821    1.00782504
 N     7.0        -8.27565610308725        -3.75756636826403        -1.11951427430142   14.00307401
 C     6.0       -10.19563678585103        -2.03648625096782        -1.38951125774917   12.00000000
 H     1.0        -9.92223831598094        -0.44135640514590        -2.44257648004182    1.00782504
 C     6.0        -8.40495720658172        -5.56516417741297         0.59652385203117   12.00000000
 H     1.0        -7.32009329733885        -7.15235371832747         0.79544820479277    1.00782504
 N     7.0         4.81368895341655        -3.32987777260244        -6.77134243311720   14.00307401
 C     6.0         6.06686594555921        -5.12304859975312        -8.12218146764128   12.00000000
 H     1.0         7.20283136532316        -6.48088187863782        -7.10938549284300    1.00782504
 C     6.0         3.38418251268678        -1.62123968922608        -8.11129295604203   12.00000000
 H     1.0         2.84147813665808        -0.12492234660419        -6.95069558629189    1.00782504
 N     7.0        12.95185279788514        -7.11969844132859        -7.74178193005665   14.00307401
 C     6.0        14.93712450440845        -5.27202141696164        -7.45548596213630   12.00000000
 H     1.0        15.05521608220721        -3.53767540007429        -6.17819289837398    1.00782504
 C     6.0        13.70461010321876        -8.78123997033023        -9.44300385443651   12.00000000
 H     1.0        12.41664884258121       -10.28437132676234        -9.97995660219689    1.00782504
