   4.7345152027303644E-005  -1.6885528500158671E-004   5.8098363923372322E-004
   2.8524496365231255E-004   2.1518606876814135E-004  -3.8118279093915129E-004
  -6.7759974935204453E-005   3.2938911566911472E-004  -1.1917255809558590E-003
  -3.4722636994815009E-004   2.0584665551177749E-004  -2.0604560039925901E-004
  -1.5483528615731575E-003  -4.3163024689825896E-004  -3.6188039069281699E-004
   5.5425134618626270E-005  -1.0184950599556880E-004  -1.6181240712466954E-004
   1.7166257073726571E-004   1.8969934745275284E-004   2.4498451993159220E-004
   9.8380182945229490E-004  -1.1337617499936523E-003  -5.7474618693818813E-004
  -1.8955230566807180E-004   6.0148043408020431E-005   8.9050880189054017E-005
   5.9401839281839693E-004  -2.5686260650623842E-004   4.7589062769028611E-004
   2.1455805787822310E-004  -1.8779774190656989E-004   5.4282635267133132E-004
  -2.2590898560547536E-004   3.0745194498393307E-005   7.1296089163664953E-005
  -5.8209399258916873E-004   2.0963405819192042E-003   3.0461537915734494E-003
  -1.2229669616640150E-004  -4.2210085869331948E-004  -2.0521492099178333E-004
   3.9662893459486192E-003  -2.6030369523366369E-004   1.9694192917695007E-004
   3.0551222334968220E-004   3.4730161865956764E-004   2.5057592580622818E-004
  -6.1454618334402138E-004  -5.3646560029109653E-004   2.2781483067373726E-006
   2.3750879690847992E-004   1.5767975717305717E-003  -1.1535297493416555E-003
   5.1930392488875915E-004   3.9351149748269933E-004   7.9830500862354026E-006
  -1.6702387830428704E-003   1.9303478601447835E-004   2.0935201842441469E-004
  -3.4643592042595602E-004  -3.8057218345284458E-004  -3.2931334937719582E-004
  -3.0576234892352007E-004  -3.9796582099283162E-004   1.3558481346104322E-004
   1.2299001183678179E-003   3.2779404790613301E-003  -1.8834328503533238E-003
   4.7946190553994125E-004   6.6748764370480184E-004   4.4948651620821606E-004
  -9.8246128594246850E-004  -1.7589200366575825E-003  -2.1886179653918497E-004
   3.4770267499150065E-004   7.8557982145054589E-005  -2.7598946055990871E-004
   2.6399063390847961E-004  -1.0954975679579540E-004  -4.3326891031577426E-004
  -5.5865372959112579E-004  -2.6820543547761253E-003   4.2185235907099203E-004
  -6.2271434482933936E-004   3.6378312880087189E-004   4.5859462836801837E-004
   1.8165452775344294E-003  -8.0205849423608535E-004   5.0037131085300111E-004
  -1.8741530659854638E-004   4.4743836409834800E-005  -3.7327461625863379E-004
  -3.0672724936301572E-004   4.9125883408667609E-004   1.1176280246990019E-004
   6.0794453333496573E-004   6.1339847669666415E-004  -4.1873986453217963E-004
   4.9319864826986501E-004  -6.3882113537971962E-005  -1.1206888977729725E-004
  -1.0659840718731106E-003  -1.1436022847470778E-003  -1.9369607932510405E-003
   3.0435939864874474E-004   1.5508071250818861E-004  -5.9955301222595516E-005
  -3.3289843027643702E-004  -1.6624998396125556E-004  -1.1500856405836961E-004
  -2.0265935026551078E-003  -2.3524543363145395E-003  -2.7239298126974487E-005
   1.0161215742687972E-004  -1.7363232443860454E-004  -1.5612528076621590E-004
  -1.4638543424460879E-003  -6.1762619371169602E-004  -1.0446533353178682E-004
