 N     7.0         0.27286528268505         0.06348868431379         2.65309698490839   14.00307401
 C     6.0         1.41059494621796         1.83002185463614         1.05228953970333   12.00000000
 H     1.0         2.23420197253029         3.53521992295025         1.69385008960135    1.00782504
 C     6.0        -1.40263963999019        -1.43324930421952         1.32707515039809   12.00000000
 H     1.0        -2.85220800617741        -2.81656990016519         2.27108361974203    1.00782504
 N     7.0         8.61065287746059         3.30400228410226         1.93002695995092   14.00307401
 C     6.0        10.45682965821388         1.59064939326039         2.05268804250928   12.00000000
 H     1.0        10.33155671915756        -0.23875655190716         3.09289867776900    1.00782504
 C     6.0         8.93330143078691         5.03117811150191         0.18880317597255   12.00000000
 H     1.0         7.66004485404082         6.68552290178147         0.12505831832803    1.00782504
 N     7.0        -5.09680763659874         3.51812274171973         6.58346635144623   14.00307401
 C     6.0        -6.26955689479614         5.41509559111970         7.81390577155551   12.00000000
 H     1.0        -7.33434918325109         6.95442811208248         7.34289676610695    1.00782504
 C     6.0        -3.73738470260271         1.83430069468205         7.86636787918452   12.00000000
 H     1.0        -2.06433130380912         0.83049164365707         7.12154573691745    1.00782504
 N     7.0       -12.87710718496656         7.15033325324551         8.35733593914040   14.00307401
 C     6.0       -14.93268215794569         5.45202496414359         7.74745620630619   12.00000000
 H     1.0       -14.66047252622592         4.55412094419298         5.82911580466172    1.00782504
 C     6.0       -13.41039059384162         8.88822138495381        10.02633575118247   12.00000000
 H     1.0       -11.95173503251304        10.24139161967081        10.86233178443116    1.00782504
 N     7.0        -0.46809883542803         0.14155582530470        -2.87369346272135   14.00307401
 C     6.0        -1.71076378677298        -1.50634867504276        -1.46246517600188   12.00000000
 H     1.0        -3.31799568360255        -2.20302960122787        -2.71245226958850    1.00782504
 C     6.0         1.06026969562587         1.98620917346899        -1.65080288572104   12.00000000
 H     1.0         2.27106777013437         3.54784330646835        -2.99172769761874    1.00782504
 N     7.0        -8.12522921418483        -3.73325559332917        -1.22223709859740   14.00307401
 C     6.0       -10.10344208868173        -2.17104953829393        -1.51154867586220   12.00000000
 H     1.0       -10.02023574958956        -0.72095793823211        -3.05390287737951    1.00782504
 C     6.0        -8.59186304250563        -5.44400340339821         0.75873492038284   12.00000000
 H     1.0        -7.14304484776123        -6.59477257887750         0.95113232114937    1.00782504
 N     7.0         4.72469605319335        -3.29453885742076        -6.85964140842758   14.00307401
 C     6.0         5.97016415239002        -4.95529382020125        -8.11910973170744   12.00000000
 H     1.0         7.36688682617966        -6.10533085824318        -7.19562033021638    1.00782504
 C     6.0         3.58565737149767        -1.65530848789458        -8.23882223293943   12.00000000
 H     1.0         2.29676217398906        -0.28448407036260        -7.46125937286022    1.00782504
 N     7.0        13.09647451033915        -7.05150992208615        -7.77711692180273   14.00307401
 C     6.0        14.81085687019124        -5.39416524018884        -7.53678577108199   12.00000000
 H     1.0        14.18742190629855        -3.99869137954747        -5.88847328146861    1.00782504
 C     6.0        13.67998915808747        -8.91515992802540        -9.53451110788462   12.00000000
 H     1.0        12.19701456551102       -10.19130544598447        -9.83914896462031    1.00782504
