   4.3716676703935014E-005  -1.6047195273158541E-004   5.2160316218296859E-004
   2.6114267468037858E-004   2.0116610369116854E-004  -3.5126591081347316E-004
  -1.6176750054097667E-004   7.0938082956967187E-005  -1.3425352843449067E-003
  -2.8505399974384604E-004   2.5812706996038463E-004  -1.5885014572028400E-004
  -1.8616255876611437E-003  -8.3058780018286759E-004  -8.4849670572331739E-005
   8.1579651876044598E-005  -1.0751450824344038E-004  -1.8916956193108455E-004
   1.6589128733446762E-004   2.3604615705980546E-004   2.5683328766727399E-004
   9.9482183087286672E-004  -1.3416342099866467E-003  -4.1355195085561604E-004
  -2.3397388398705920E-004   3.4736192949004384E-005   1.4223460281251123E-004
   7.2079219218750630E-004  -1.9291779678786490E-004   2.6787910983295751E-004
   2.0020023848693857E-004  -1.5933577486990894E-004   5.2957718129427748E-004
  -2.5660319812510828E-004   4.3275517948144181E-005   8.0533256954189408E-005
  -2.3690298534415278E-004   1.7338359220963929E-003   3.0630026932824002E-003
  -9.9960467180129216E-005  -4.3703827797544122E-004  -2.3317727276753644E-004
   3.8674285665895344E-003  -2.6339168235454816E-004   6.0473050913877750E-005
   2.7199749054859546E-004   3.4085266923716535E-004   2.5756543516566112E-004
  -5.8191227468694547E-004  -4.9613426976090130E-004   2.4937419016422602E-005
   1.3878776095485547E-004   1.3218378454314763E-003  -1.3274971260495605E-003
   5.0790097773469631E-004   3.8098416896352049E-004   1.8796670911220857E-005
  -1.6927530230681726E-003   3.1522549046221298E-004   2.2347584935023310E-004
  -3.3688405950645160E-004  -3.6471039889111423E-004  -3.2448889757815135E-004
  -3.1524644198634052E-004  -3.9687748732628026E-004   9.0349008247195609E-005
   1.4417806793623361E-003   3.4404735297747274E-003  -1.8658332666637511E-003
   4.3509248989354054E-004   5.9612868973233832E-004   5.1452359373970662E-004
  -6.8066681254797391E-004  -1.2300521741088169E-003  -7.4738866818358635E-004
   3.6762493450139959E-004   6.3012482319373120E-005  -2.6940111848320361E-004
   2.6386143489310108E-004  -7.2011789096511697E-005  -4.5735000536457882E-004
  -4.3160420385509349E-004  -3.2664340296598513E-003   5.9828483376520958E-004
  -6.3655616978075535E-004   3.4432694902620121E-004   4.4805311523852886E-004
   1.6687449693563552E-003  -2.3602826473605339E-004   3.0276001254765878E-004
  -1.9493145361756641E-004   6.5793380867220600E-005  -3.4841475752295806E-004
  -2.8861543623767477E-004   4.7764827030489224E-004   1.3964918639846677E-004
   5.0716419371199127E-004   6.5905127646106955E-004  -3.6767383501159421E-004
   4.8605602085703860E-004  -5.2611455799882126E-005  -1.2091356549142232E-004
  -9.2989711149145610E-004  -1.4524516951619035E-003  -2.0471009924816945E-003
   3.3358620891476561E-004   2.1371314429884718E-004  -4.1145230466081522E-005
  -3.1209459109085043E-004  -2.1320465681172433E-004  -1.3936554321823300E-004
  -2.1760074820147551E-003  -2.1650530399433933E-003   2.3706440069922794E-004
   8.2272064645538544E-005  -2.2190041518514971E-004  -2.1177121787011174E-004
  -1.4098443258630427E-003  -6.0429708550616666E-004  -1.1883859091315796E-005
