 N     7.0         0.25169753634226         0.11906110192088         2.42832033128932   14.00307401
 C     6.0         1.27154072087183         1.75306800236264         1.08201718294966   12.00000000
 H     1.0         2.16442205560194         3.29357326394650         2.06173834244163    1.00782504
 C     6.0        -1.21074808461941        -1.49130412710414         1.31394354261609   12.00000000
 H     1.0        -2.26041172412414        -2.95126178995626         2.45726771805314    1.00782504
 N     7.0         8.62468054044037         3.34244656962073         1.97762334487323   14.00307401
 C     6.0        10.39824363963378         1.54953005326237         1.94472334753417   12.00000000
 H     1.0        10.02651494090209         0.07170265928956         3.33110147036670    1.00782504
 C     6.0         8.91082524205526         5.01615650410704         0.19652680434260   12.00000000
 H     1.0         7.67249904425343         6.58028986099623        -0.27141778196712    1.00782504
 N     7.0        -5.17427906633910         3.60272362945869         6.37070803893335   14.00307401
 C     6.0        -6.20826570472132         5.39885512110207         7.75857038049619   12.00000000
 H     1.0        -7.13745626937062         6.40169674280277         6.14073658332075    1.00782504
 C     6.0        -3.74191800420681         2.08685626740930         7.86873347134446   12.00000000
 H     1.0        -3.23866909202260         0.27756719773776         6.70175459733224    1.00782504
 N     7.0       -12.96381248432237         7.02927191031847         8.23357345484325   14.00307401
 C     6.0       -14.75784133163574         5.61723139761750         7.73549733468928   12.00000000
 H     1.0       -14.74031334845574         3.96543342862645         6.51933342418435    1.00782504
 C     6.0       -13.57879367111005         8.72185564661232        10.05818081447999   12.00000000
 H     1.0       -12.04192788618322         9.78851091642099        10.55919141376330    1.00782504
 N     7.0        -0.36606572401421         0.24690976357100        -2.88307106171067   14.00307401
 C     6.0        -1.65989095142856        -1.38218072772859        -1.36420339726089   12.00000000
 H     1.0        -2.78521931058942        -2.79719138117931        -1.85131975517312    1.00782504
 C     6.0         1.02699791746488         1.81596996741579        -1.62412023022609   12.00000000
 H     1.0         1.79395742777500         3.25452298318255        -2.76777016289361    1.00782504
 N     7.0        -8.28285716273484        -3.76716128883829        -1.09878862840542   14.00307401
 C     6.0       -10.19138168944568        -2.02730372841594        -1.35164687801701   12.00000000
 H     1.0        -9.70122751751287        -0.64338972854204        -2.58286321333638    1.00782504
 C     6.0        -8.47347898802149        -5.54472018380912         0.55354200347058   12.00000000
 H     1.0        -6.94746080338740        -7.30068988101354         0.57782130022165    1.00782504
 N     7.0         4.82359438050745        -3.31305403670938        -6.74457204204778   14.00307401
 C     6.0         6.09322545239460        -5.13903406752825        -8.07884457245537   12.00000000
 H     1.0         7.12358072692356        -6.61406079588753        -7.01502163529711    1.00782504
 C     6.0         3.36738356150395        -1.64808968046630        -8.11822299382757   12.00000000
 H     1.0         2.84834166986919        -0.15166237930344        -6.90394460952832    1.00782504
 N     7.0        12.96770279766036        -7.04815504133098        -7.71569038999252   14.00307401
 C     6.0        14.99288335724740        -5.28407107778480        -7.44579553040167   12.00000000
 H     1.0        14.88864457273607        -3.74774022300304        -6.25144121080601    1.00782504
 C     6.0        13.69984665935102        -8.79630749707784        -9.49416319638582   12.00000000
 H     1.0        12.36512120451392       -10.47918930816356        -9.86246884168535    1.00782504
