   2.2474631274554315E-004   1.4442635533826168E-004   4.9108424188493008E-004
   3.2431648987233698E-004   9.3334072343433894E-005   3.4936183350208275E-004
  -8.5291796084058940E-004  -6.0473753565750223E-004  -1.5872806882191769E-004
  -4.9499733098122090E-004  -2.3730627868936620E-005  -5.3188964273904787E-004
  -1.6314801523376590E-003  -6.2186965414264244E-004   1.8257937495936803E-003
  -3.6652642399572627E-004   1.5842244856194290E-004   2.9851457698250544E-004
   7.1761693154023294E-005  -2.3879922540951328E-004  -3.3736796866086824E-004
  -1.2314375407575990E-003  -9.6565398843945303E-004   7.4896521102954668E-004
   5.0546130098855669E-004   1.2710972131227391E-004  -3.7233050967959620E-004
  -1.6360080707776090E-004  -4.0709572953318132E-004   1.8418046513821421E-003
   1.5327534344053939E-005  -2.1048113681888645E-004   2.0373934619892311E-004
   3.3877881420356246E-004   4.7026043915820192E-005  -2.7513109623880048E-004
  -1.1969075118712257E-004  -1.6764607032674077E-003   8.1641662637203945E-004
  -2.6688409083829620E-004   8.3925021760223188E-005   5.5626398325943696E-004
   1.5686248378085094E-003  -4.4748220859319325E-004  -9.8421508713154404E-005
  -2.1489206175745945E-004  -2.2050202785239861E-004   2.0961470730713047E-005
   4.3225431149176123E-004   2.8009175079371517E-004   1.2390222756491443E-004
   6.0272971516486893E-004  -2.1438224608578591E-004  -1.9898009683217309E-003
   6.3943414111200091E-005   2.5069755698596958E-004  -1.9709561264361072E-004
   8.0318197404528587E-004  -1.2678784820925081E-003   7.9752739083417641E-005
   1.7305926233023198E-004   1.4086388494162526E-004   2.5581713393521739E-004
  -2.2546048068893017E-004  -1.6444459946823674E-004  -2.4996360975659658E-004
  -5.7562799457756397E-004   4.0050215297167337E-004   2.4658218950866632E-003
  -3.7154733997853926E-004  -3.0578593108835045E-004  -9.5976272862444937E-004
   2.6712980221263176E-003   3.5904537701595953E-003   1.8585445248696039E-003
   1.6500535885841596E-005   2.4187086178100833E-005  -1.0244923907978270E-004
  -3.8051063580968682E-005   2.4194129607704135E-004  -5.3168327405324713E-004
  -2.1974153772592025E-003  -9.0761593952104784E-004   3.5078379677918985E-003
   6.7741440417059054E-004  -7.6870719529543234E-005   2.7422551836323527E-004
  -2.3213402660850024E-003  -5.5692014158108396E-005   1.8115255135756243E-003
  -9.0023825663029092E-005  -1.2955754372507045E-004  -2.3511067120298787E-004
  -1.9196918011139041E-004   3.3873120498923135E-005  -2.9304711698395475E-004
   8.9115985533790747E-004   1.0032944427679524E-003  -5.2379598740500593E-004
   5.6656121310250190E-005   3.8327084053455527E-004   2.2219528001649999E-004
   6.8042582011336049E-004  -9.1212846995552621E-004  -6.1108123874130751E-004
  -2.8608432718352439E-004  -6.1252939184961949E-004  -1.2259779847885528E-004
  -3.5157098782599439E-004   2.3571962306163726E-004  -6.9000084564129323E-005
   1.7988294409796667E-003   1.5963201118101655E-003   4.5118587930445923E-005
   1.5647591740733884E-004   1.1777517368152197E-004   3.9128217710832357E-004
   1.6899040247398020E-005   8.7629635151076563E-004  -1.2749298487664789E-003
