  -1.5047228050888819E-004   2.0043287434289982E-004  -5.9643341165238042E-004
  -1.8269723937708497E-004   1.2189142542937989E-004   8.1674803905840325E-005
  -1.0157005144512179E-004  -2.8679304767454152E-003   1.3151255816485450E-003
   8.5840602870732480E-005   5.2897088374157817E-005   2.2636234837980905E-004
  -1.0943823581586376E-004  -1.1202329493368716E-003   2.7075717105392813E-003
  -3.4519305250748377E-005  -2.0730338531933678E-004  -1.8721954074428905E-004
   8.5089188241680881E-005   1.7264455031943286E-004   4.4569023800882163E-004
  -6.7237854999088568E-004  -1.3773064382956922E-004   2.8035156464613154E-003
   8.7412296294516465E-005   1.8697184788450555E-004  -1.7433229014314323E-004
   1.5667571013138108E-004  -1.0319623251893821E-003  -4.0419893703177827E-004
  -1.6639711037416937E-004   1.6270790836633568E-004  -8.7050316594887203E-005
  -2.7933178317776542E-005  -4.4398614375345364E-004  -3.2173664959734319E-004
   1.2178828544844016E-003  -2.3292325133788239E-003  -2.5978952327849595E-003
   1.5324614642844671E-004   2.9414922213620966E-004   1.2433746389601484E-004
  -5.7332266701083763E-005  -1.7883874233455017E-003  -3.0366530904374217E-003
  -3.5646540867366276E-004  -9.7578723496856670E-006   1.6136354013251210E-004
   4.3612174730369189E-004   5.6979248903683897E-004   6.7650283517366354E-005
  -2.4076851993229883E-004  -1.4873757978587300E-003   3.5641075211397802E-004
  -1.7745109656078762E-004   1.8937143491809465E-004   2.8609912539894784E-004
  -9.2269995566781021E-004  -3.9615822521883428E-005  -1.5810494480970932E-003
   3.6130568639972815E-004   4.8954035441957356E-004   2.6308433214088897E-004
  -3.5043737417738421E-005   1.8089808544437799E-005  -4.9645130646152138E-004
   2.0660709190594008E-003  -4.2099998478959365E-004   2.6353866104259212E-003
  -5.5639770538148080E-004  -2.8412778503845515E-004   2.7230498307647500E-005
  -9.3412844508923261E-004  -2.0615244324201729E-003   1.0632452424868946E-004
  -2.2785281787636398E-004  -1.1974564277261497E-005   2.2236710843805555E-004
   1.8213556877725277E-004  -9.8477354826341702E-005  -3.9808222433629104E-004
  -2.9311227671516987E-004  -3.7751442219211349E-003   1.5706395991137044E-003
   2.8910026416041775E-004   4.5956963331604496E-004  -4.7817792311598837E-004
   6.2694356744974554E-004   6.2246185321483455E-004   1.3355359102468199E-003
  -1.3121051774524040E-006   1.4017758063798838E-004   3.3395395711300415E-004
   3.8959941062297277E-004  -1.7639171505110578E-004   1.5414013751603256E-004
  -6.1772385899607125E-004   1.6963378155771013E-005   1.1408185715278221E-003
  -3.6408733360823465E-004   3.4471397512465536E-004   2.3200398971485463E-004
   1.5197591036017956E-003  -5.8832575250214675E-004   2.8503868738629539E-004
   9.7177965914537910E-005  -4.3961517540361196E-004  -5.0400686053411585E-004
   5.4947408840128249E-004   6.7873869963849242E-005   3.1183801684934391E-004
   1.0882428360188387E-003   1.2489751761998581E-003  -1.2715811949193237E-003
  -4.6241223672955544E-004  -2.0670638100585794E-004  -1.3071999218197715E-004
  -6.3240476484274517E-004  -1.1378781437041765E-003  -4.8481527361938511E-004
