  -1.3818954662063945E-004  -9.4917165777785365E-005  -4.0696420469777734E-004
  -3.9701473968704221E-005  -1.5073077186685880E-004   3.2561905383110063E-004
   3.7396126113425280E-004   1.0648762363833810E-004  -8.8440546920280291E-004
   1.5815971549311371E-004   3.8707685709600824E-004   1.0449195155445748E-003
  -9.8441696769840611E-004  -3.0639852055183562E-004  -8.3415414582603434E-004
   3.6769084419775125E-004  -2.2428057616358094E-004  -4.7100899152200710E-004
  -1.9467646896948634E-004   3.9316982150827754E-004   5.3961547472051205E-004
   1.0840027087374161E-003  -3.6829546945484736E-006   3.4954920515699036E-005
  -3.6800140461754185E-004  -3.0295066929861357E-004   5.8467457623921984E-004
   3.0599319034949995E-004   1.5070315629675808E-003  -1.3593840966442986E-003
  -5.0253353736093417E-005   2.0147269686708179E-004   2.1275056721823909E-004
  -3.0008896409324697E-004  -7.1459183521436920E-005   3.7503642922708013E-004
   1.4157191494171104E-003  -6.8937012255063416E-004   8.2578446212886337E-004
   3.9295636354454703E-004  -6.2586187332000162E-004  -2.8127926514160236E-004
  -2.1487723699281023E-004   1.4032192562881901E-003  -2.7338913728529535E-004
   8.3936538339033579E-005   1.7876645613877466E-004   1.9819437717260097E-004
  -1.4085912805759734E-004   3.4376180282346103E-005   8.0772917569022301E-005
  -1.3519762972073164E-003  -6.7149634420409887E-005  -3.6872431189883056E-004
   3.1062513245166942E-008   1.4930141257313317E-004   1.8492978531350503E-004
   2.9334504554576072E-004   2.4650581254945384E-003   6.3021562557640551E-004
  -7.7443769496824072E-005  -3.5887152334520219E-005   3.0034877113780230E-004
   9.8695778854553256E-005  -1.6158373013540136E-004  -7.4994338092761149E-004
  -1.6846227939298984E-003   7.9064862706410141E-004  -3.1087546585938128E-003
  -2.0233284977904653E-004   1.4074910350666704E-004   2.3214550862963644E-004
   8.0853173724125180E-004   5.6831218203206820E-004  -3.7974695385475763E-003
   3.0997494143728145E-004  -4.8737381559069433E-005  -6.1558852663982276E-005
   3.1199318667167198E-004  -4.6590286825024007E-004  -5.4709329509867587E-005
   1.0921223700988874E-003  -3.3736583410708771E-004  -4.1678390443072337E-003
  -3.7141838109110278E-004   2.5420534988567401E-004   1.3021995099254794E-005
  -4.2429476715934010E-004   5.0273522736097214E-003  -9.8881035273500517E-004
  -2.3556954251444787E-004   2.5482273103831466E-004   1.2135276682280262E-004
   9.8777343953243796E-006   1.7818667936436345E-004   1.2455635281515286E-004
  -2.2928056637784686E-004   8.4905120260308532E-004   6.4154383134196777E-004
   3.7912458717518114E-004  -1.1113421577072400E-004  -5.4724886823844497E-004
  -1.2735587609997614E-003  -6.3940133726144712E-004  -4.4826297329208126E-004
   4.3932334835707244E-004   5.7427185972428992E-004   7.9763577970226558E-005
   6.5898943736606357E-005  -5.3717573798511939E-004  -3.0025192420656064E-004
  -3.0122468892219414E-003  -2.1909260334845022E-004   1.2182653758827499E-003
  -2.5993420836618132E-004  -7.2315084716265533E-004  -6.6596935732769682E-004
   3.5828381632669790E-004   1.5861907604320134E-004   1.4165904436115495E-003
