  -7.4080923655927522E-005  -1.1929542883036102E-004  -1.1359497547832214E-004
   8.9151695620947347E-005   2.3572731678917985E-005   1.6582551330311649E-004
  -2.2116532331708955E-004  -6.9216205313911699E-004  -1.6458614669147954E-003
   9.0473772393068435E-005   4.0941950726934952E-004   6.9717744342105107E-004
  -2.0419273983569683E-003  -1.2369064876794835E-003  -1.3629120707983893E-004
   3.0855611201942041E-004  -1.9383840399197835E-004  -4.1438335065481578E-004
  -7.7540147305401878E-005   4.1755843244652222E-004   4.3001259071613173E-004
   1.1364764841583026E-003  -1.0747678992900022E-003   1.7800780453843887E-004
  -4.0539948146802449E-004  -2.0604337705342943E-004   5.1398178446885625E-004
   6.2709951819688709E-004   9.2861368835275100E-004  -9.8577159240429996E-004
   4.4250586977623826E-005   7.8891181141278396E-005   3.2452719899794000E-004
  -3.7209492941400323E-004   5.9463004166003944E-005   2.6146661810415349E-004
   1.5514066576866577E-003  -6.1051883415547993E-004   2.1943017906607336E-003
   2.1949430526043611E-004  -6.0347437351238628E-004  -3.0669114386008194E-004
   1.4360464182648289E-003   8.2373401511229348E-004  -2.1573858253069012E-004
   1.4980627467134794E-004   2.3722720157008358E-004   2.1400943786435334E-004
  -3.2904666801355538E-004  -1.2824469584340464E-004   1.2662935726118026E-004
  -8.2177015692323221E-004   1.5199609363106595E-004  -1.2211260442319199E-003
   1.6696119320622099E-004   2.1678535369139249E-004   1.2901263067000067E-004
  -2.1552172267383206E-004   1.9618856065169513E-003   6.7181690383387926E-004
  -1.9371728965797755E-004  -1.6947166022883691E-004   8.8865290224139978E-005
  -8.9123738940601803E-005  -2.7331407683415002E-004  -5.6484883085659594E-004
  -2.6482796241947188E-005   2.1812430986404108E-003  -2.6138838744532819E-003
  -6.8502352267789390E-005   1.7713998363772673E-004   4.2952107813636184E-004
   1.4764137679312876E-003   1.6804573922475539E-003  -3.9573929055927923E-003
   3.5581631440728131E-004  -1.5340229797302036E-005  -1.4622645994613902E-004
   3.3385610103080546E-004  -1.4943420037905056E-004  -3.4859313301369290E-004
   6.2102330803845039E-004  -3.5084264597031152E-003  -1.0287485178985395E-003
  -4.8818192636383527E-004   2.2542114960843088E-004   1.9565252787185285E-004
   9.8014926109644319E-006   4.0294127588573290E-003  -7.6711177164986153E-004
  -2.3591500744707573E-004   2.0870108104647505E-004  -4.5501594243788024E-005
  -9.9988554510998322E-005   2.9345223443319181E-004   1.7247408069035123E-004
  -1.2701579816536815E-004   9.3470908748506741E-004   1.6352203591698991E-004
   4.1183946778371112E-004  -5.1041147262166282E-005  -3.7252974993265295E-004
  -6.4842736099549080E-004  -1.7995384562816599E-003  -1.5781589301519874E-003
   4.2341581834999623E-004   5.3733567718600422E-004   8.8153278382221417E-005
  -5.7707127728069002E-005  -5.3138435995220301E-004  -3.4786802316765240E-004
  -3.1222870871901137E-003  -2.1185333635686298E-004   1.8020036886678868E-003
  -1.1786444787999813E-004  -6.1436141444813251E-004  -5.9163676447243131E-004
  -2.0082902376747152E-004  -6.6227510362337300E-005   1.1278360960078602E-003
