  -1.7414113871323033E-004  -6.6263316431769458E-005  -6.0234481075668433E-004
  -1.7466630690652501E-004  -2.9377699580679145E-004   3.2804178585782272E-004
   9.6761974141506386E-004   8.3193744069296556E-004   2.9999212105935082E-005
   1.5712511451285171E-004   3.4509487277957225E-004   1.1572878117798915E-003
   1.1307999345775236E-004   5.8085157922218602E-004  -1.1740155480049457E-003
   3.8103447090312816E-004  -2.5194444400044203E-004  -4.8780078659127658E-004
  -2.5873472447598755E-004   3.4313468796404412E-004   6.2209781152958231E-004
   9.0767903737616141E-004   9.7139138456095301E-004  -2.8463407578799485E-005
  -3.1810418089177702E-004  -3.1757191990558676E-004   5.7413058368294058E-004
   3.0018002045328868E-004   1.5188408388870764E-003  -1.5367393342751859E-003
  -1.2305711701687035E-004   2.8788179448134473E-004   1.0827730361715542E-004
  -1.7187571412116231E-004  -2.6566185731187860E-004   4.6520127539744849E-004
   6.9285292931333764E-004   7.9119513743435759E-005  -7.3757105074836126E-004
   4.9616821828825234E-004  -5.7990380085855861E-004  -2.2548671153654513E-004
  -1.3414062419457322E-003   1.5774497658878630E-003  -4.4939384639641386E-004
  -3.5062619934380724E-005   1.3247507507687241E-004   1.9880692131858007E-004
   1.4955787584154128E-004   1.0268288591772810E-004  -2.4026019822349371E-007
  -1.7458933820203341E-003  -1.0993567805779055E-004   4.5944235958458109E-004
  -1.0071999935842361E-005   1.8876276130218631E-004   1.9007670187060559E-004
   1.8239661993221080E-005   2.2654897886091479E-003   2.8828527126421811E-004
   2.8142938153176153E-005   8.0788760816446844E-005   3.9838586884874611E-004
   1.6830643689833336E-004  -3.6170037063661745E-005  -7.9223458478891006E-004
  -2.0452612428569390E-003  -1.0839071272375601E-005  -2.7418126582926783E-003
  -2.4869871563886674E-004   8.5156686855150551E-005   1.3378509993171935E-004
  -2.1448737898058722E-004  -8.8527223719184526E-004  -3.0035537271086120E-003
   2.5166840265929353E-004  -6.6203332469682471E-005   1.8473186782342137E-005
   2.9322735361225001E-004  -5.9321787235905516E-004   8.3738156290402119E-005
   1.3017269475120901E-003   6.5932818918868743E-004  -5.4588988995133113E-003
  -3.5524990028277224E-004   3.9661298832567961E-004  -1.6176553953083832E-004
   4.5267747326983832E-004   4.3470326352109479E-003  -7.9764758831421805E-004
  -2.2710367483149511E-004   2.7866182824273680E-004   2.7017181748444481E-004
   1.0352352988978131E-004   7.7802261519507030E-005   6.5670726842682246E-005
  -1.9660715569993446E-004   6.5304196612347195E-004   1.1344312152193970E-003
   3.1212098529365275E-004  -1.2074225577693685E-004  -6.5471095823091115E-004
  -1.6106320880617737E-003   1.6259047501213236E-004   4.2166042661218050E-004
   4.6577783592765859E-004   5.1859433674250838E-004   8.6428675003159985E-006
   7.8782875966708395E-005  -4.2358096718042462E-004  -1.4659339035595883E-004
  -2.3383147326897298E-003  -8.5737776669894434E-004   3.1478600002767670E-004
  -4.4310782736700942E-004  -7.4982692226483166E-004  -6.1379243683402636E-004
   3.0869042015674493E-004   9.9718460274726735E-005   1.2080410861277638E-003
