   5.0929516290568003E-005  -1.7091724475611417E-004   6.3834374513881847E-004
   3.0724779160228933E-004   2.2657415142807557E-004  -3.8240245408907456E-004
   1.5548912633442117E-004   7.4892459506109620E-004  -8.9458567359068241E-004
  -4.3880225806766117E-004   9.5342364279077697E-005  -2.3355447454026116E-004
  -9.3617714268062443E-004   3.7296151061200650E-004  -8.9003481931029652E-004
  -1.4587377262399168E-005  -7.9481895040759505E-005  -9.6505576056579606E-005
   2.0958929107921183E-004   9.8196079497279751E-005   2.1533255604437866E-004
   9.3803658410969340E-004  -7.2425482712874226E-004  -9.1178512934881565E-004
  -7.2936133734441877E-005   9.5832674915099611E-005  -2.9909294559241959E-005
   3.3170535357891382E-004  -2.9962148021366687E-004   8.4579232545421116E-004
   2.3631324720500249E-004  -2.3448187318839345E-004   5.2617823401646124E-004
  -1.7026455227715320E-004   2.1166505046396821E-005   7.0327965767391656E-005
  -1.1101173221527985E-003   2.5975168331212025E-003   2.8739452617854012E-003
  -1.4138512636398013E-004  -4.0553692574199181E-004  -1.3989169196698898E-004
   3.8356355625598251E-003  -6.2519897692972056E-005   5.2877330140143806E-004
   3.2918529825212239E-004   3.5320230971604784E-004   2.4952978249144964E-004
  -6.3569791262615960E-004  -5.9476008294191229E-004  -4.1592766219305341E-005
   4.1676174130244291E-004   1.9469653610409692E-003  -9.0049958512979198E-004
   5.2523522150219753E-004   3.9353799965999872E-004  -2.9280366525484430E-005
  -1.4096638481897112E-003   9.2313136305659531E-005   2.3548682057478282E-004
  -3.5283755299893261E-004  -3.8964781865769656E-004  -2.8891381204761011E-004
  -2.5910955685331513E-004  -3.7591902262747477E-004   1.6345915099631159E-004
   6.5913040100861083E-004   2.7829635873574243E-003  -1.8625652805230272E-003
   5.0070885952747642E-004   7.3899712258463778E-004   2.8957681199913058E-004
  -1.1779075037502719E-003  -2.2862917135237550E-003   5.4821543803344535E-004
   3.3799658334092479E-004   9.5921785812293564E-005  -2.9045089951386881E-004
   2.0874648377925114E-004  -1.7697755328368778E-004  -3.7117393550443437E-004
  -7.4741881046933847E-004  -1.5043326746075347E-003   8.4909698043555030E-005
  -5.9873424662252857E-004   3.8435891519145160E-004   4.8394088103875116E-004
   1.9333257415059320E-003  -1.6849993148408348E-003   8.3916206401630860E-004
  -1.7273022915070834E-004   1.1320721979223254E-005  -3.7433250535540683E-004
  -3.2526663734709459E-004   4.9095116636870982E-004   4.0162032510935485E-005
   7.1546020096619021E-004   5.6263943180019768E-004  -4.7838007744391091E-004
   4.9200166167611965E-004  -8.2476838164428530E-005  -1.1630266603434498E-004
  -1.2295360544177453E-003  -5.3280503532074786E-004  -1.6746134241198301E-003
   2.6783464696365805E-004   4.3894192822158024E-005  -1.0564088575231600E-004
  -3.7588304776388267E-004  -9.9656125288980860E-005  -7.6048545660089718E-005
  -1.7077291968922617E-003  -2.4423582879135458E-003  -3.0201731813538703E-004
   1.1098056017441582E-004  -8.2285267750792704E-005  -4.5303872634168189E-005
  -1.4501711566644946E-003  -5.1535468538990378E-004  -2.6431674891141190E-004
