 N     7.0         0.20242232843505         0.14524103878994         2.42562982732441   14.00307401
 C     6.0         1.30697773218873         1.87703942550104         1.04918921744625   12.00000000
 H     1.0         2.63265483191469         2.88450433668418         2.39116775987916    1.00782504
 C     6.0        -1.43785160258216        -1.49619770772954         1.42785478944527   12.00000000
 H     1.0        -2.34573538171064        -2.71486088560880         2.96776124589059    1.00782504
 N     7.0         8.59294734887368         3.23145562433947         1.83078791431109   14.00307401
 C     6.0        10.51766950115392         1.63513434519084         2.27522186098397   12.00000000
 H     1.0        10.21458497728861         0.31304124121395         3.81220374433802    1.00782504
 C     6.0         9.01834326885747         5.07372340947186         0.09673127007623   12.00000000
 H     1.0         7.44926698339308         6.56105467310500        -0.09890978507744    1.00782504
 N     7.0        -5.13276959425064         3.51614995624289         6.51133064887787   14.00307401
 C     6.0        -6.30462229915612         5.24490794552348         7.73172581715287   12.00000000
 H     1.0        -7.00869553488454         6.34730839450107         6.22884402774534    1.00782504
 C     6.0        -3.60472777551849         1.92250065643305         7.86890115779021   12.00000000
 H     1.0        -2.76041197457705         0.65488032653624         6.55059321252119    1.00782504
 N     7.0       -13.04316940085621         7.15692327225011         8.43636161212059   14.00307401
 C     6.0       -14.77731848202983         5.66173096683754         7.75769451928545   12.00000000
 H     1.0       -14.57766441809205         4.18918188421383         6.28063786755372    1.00782504
 C     6.0       -13.49058031664595         8.95259371458472        10.13600423204753   12.00000000
 H     1.0       -12.04526221774772        10.55484724543019        10.28590141060640    1.00782504
 N     7.0        -0.37695167316396         0.29166022375558        -2.80052557650728   14.00307401
 C     6.0        -1.64542102673410        -1.47787014631846        -1.58478382816055   12.00000000
 H     1.0        -3.24355786794889        -2.86201919327631        -2.28540063461955    1.00782504
 C     6.0         0.84626736372483         1.93002748369616        -1.58120565327128   12.00000000
 H     1.0         2.22232964718795         3.08095310825251        -3.11833311715719    1.00782504
 N     7.0        -8.20782408161422        -3.73177745861628        -1.15468359082584   14.00307401
 C     6.0       -10.08352862124652        -2.26450377451306        -1.59760237664833   12.00000000
 H     1.0       -10.21044799535631        -1.55997861682812        -3.64650157078509    1.00782504
 C     6.0        -8.44844817129473        -5.30153385301247         0.65981033249878   12.00000000
 H     1.0        -7.01535930048352        -6.18235378940397         1.48648778581872    1.00782504
 N     7.0         4.73575030867716        -3.22570082819022        -6.72812783643335   14.00307401
 C     6.0         6.12782611450100        -5.00722571862582        -8.04340732296699   12.00000000
 H     1.0         7.12397561110656        -6.21382616190017        -6.74582873496053    1.00782504
 C     6.0         3.45896910954904        -1.56096584779855        -8.17446884163983   12.00000000
 H     1.0         2.51898174581768         0.01238379553989        -7.06035504263725    1.00782504
 N     7.0        13.18164746093557        -7.23148010568792        -8.00922627542027   14.00307401
 C     6.0        15.00026522077494        -5.41667345604601        -7.40692789773831   12.00000000
 H     1.0        14.58454044708051        -3.52308611289208        -6.30881466622868    1.00782504
 C     6.0        13.47314869032620        -8.99545460767775        -9.59916114559109   12.00000000
 H     1.0        12.17379680692696       -10.41390723393864       -10.06528904495379    1.00782504
