 N     7.0         0.20451719296692         0.14186807820326         2.42418804321039   14.00307401
 C     6.0         1.30957805732235         1.86905913883135         1.05455147195214   12.00000000
 H     1.0         2.60632834249657         2.89190367662281         2.37307926233388    1.00782504
 C     6.0        -1.43067771280229        -1.48369704569985         1.43891189818407   12.00000000
 H     1.0        -2.38788850705445        -2.73807835668408         2.95990219819137    1.00782504
 N     7.0         8.59820698313495         3.22930027195682         1.83104675283822   14.00307401
 C     6.0        10.50866345418233         1.63691101336265         2.27345923168589   12.00000000
 H     1.0        10.21302874532451         0.27541511014112         3.81156531325950    1.00782504
 C     6.0         9.00761153102516         5.07042861439427         0.10960143805167   12.00000000
 H     1.0         7.47054057898211         6.57586159197106        -0.10886611700965    1.00782504
 N     7.0        -5.13664276294622         3.52750694654673         6.51796974090968   14.00307401
 C     6.0        -6.30213999175891         5.24574185973747         7.73624899383706   12.00000000
 H     1.0        -6.99861002593755         6.33888911977961         6.26380992611237    1.00782504
 C     6.0        -3.60838253549213         1.91402976773013         7.86971078661974   12.00000000
 H     1.0        -2.71021918746601         0.64304663500016         6.51329780041570    1.00782504
 N     7.0       -13.03594733601598         7.15658716780203         8.43445143781187   14.00307401
 C     6.0       -14.77726734795290         5.65839804382199         7.75799692799091   12.00000000
 H     1.0       -14.62216877096836         4.18197130720291         6.25354471406083    1.00782504
 C     6.0       -13.48953142369525         8.95168423875316        10.13523175323126   12.00000000
 H     1.0       -12.05085612758761        10.56133021993435        10.30364764208201    1.00782504
 N     7.0        -0.37356406487200         0.29259815489008        -2.79306621999050   14.00307401
 C     6.0        -1.64964104844665        -1.47773172175634        -1.59745415807531   12.00000000
 H     1.0        -3.24204550854051        -2.82284847407519        -2.29068262183025    1.00782504
 C     6.0         0.84737823382859         1.92472285444826        -1.58551595132024   12.00000000
 H     1.0         2.20719476119752         3.06229470411849        -3.16456796556017    1.00782504
 N     7.0        -8.20287365458811        -3.73309288754677        -1.15425461556259   14.00307401
 C     6.0       -10.07417792963113        -2.26340152847974        -1.59975119040313   12.00000000
 H     1.0       -10.17853394954621        -1.58296767337621        -3.58155114917303    1.00782504
 C     6.0        -8.45889501916034        -5.29727055268703         0.65049587716508   12.00000000
 H     1.0        -7.01587336417371        -6.15924587865319         1.44779732040527    1.00782504
 N     7.0         4.73110289342645        -3.22592205875202        -6.72789123154984   14.00307401
 C     6.0         6.12418035355847        -5.00723800222763        -8.04696606519339   12.00000000
 H     1.0         7.13033601207563        -6.18989003589259        -6.74441491492744    1.00782504
 C     6.0         3.46617370082642        -1.56286700019126        -8.18423757894540   12.00000000
 H     1.0         2.51352318722777        -0.02700052144039        -7.08088858076121    1.00782504
 N     7.0        13.17991235417741        -7.21905837407939        -7.99893594685569   14.00307401
 C     6.0        14.99884388605089        -5.41718133374473        -7.41423340494802   12.00000000
 H     1.0        14.54402639334306        -3.52983686735200        -6.29681622664998    1.00782504
 C     6.0        13.47517618170626        -9.00270549421321        -9.60219886043949   12.00000000
 H     1.0        12.16466363622230       -10.41963039897815       -10.03677880679465    1.00782504
