  -1.5377270688539621E-004   1.7905141356377725E-004   1.0827686228886513E-004
  -1.4363228597588117E-004   5.0496626114224176E-004  -2.7317521001499201E-004
   1.4499471228198479E-003  -3.8057489290180317E-004   5.3110907357556154E-004
  -4.1640953965796585E-004  -7.6637303754395730E-004  -6.9236834450364876E-004
   2.6257004416309483E-003   1.5297714555584420E-003  -4.9156450238524477E-005
  -3.0342547817978967E-004   1.5405707582508821E-004  -1.3216285267807308E-005
   5.4726833436951608E-004  -6.5449746613800410E-005   4.1649786893931499E-005
   2.1624679628243595E-004   2.1353853400581180E-003  -5.8002363115449233E-005
   6.3033579321731669E-004   2.0223396977720487E-004  -7.8696169129894298E-004
  -8.8619000941941287E-004  -1.2041275134859139E-003   6.4401296970381325E-004
   2.6731717825881422E-004  -7.4310888709601126E-004  -4.0793100048453705E-004
  -1.5391823416111133E-004  -1.9004013823801339E-005  -2.3680967031402614E-004
  -9.2800392018791583E-004   9.7462490695726222E-004  -2.0049566227108313E-003
   1.9276392296072964E-004   5.4474941856236952E-004  -2.3505255854660984E-005
  -2.7408511432498858E-003   4.4145021100699022E-004   2.3249454747550267E-003
  -4.1622721716279173E-004   3.7180060062642969E-005   1.1631907129189040E-004
  -5.5652753361688938E-005   1.3705468670969909E-004  -3.2578401319509483E-005
   2.8303336991334993E-003   5.5623968518185650E-004   1.6447624020929283E-003
  -9.7511811649642019E-006   8.0124007518827351E-005   2.2428615607903286E-005
   4.1090710580328181E-005  -8.0972016136475803E-004  -1.0128243240774732E-003
  -2.6630772032069000E-004  -1.2132280898133324E-004  -4.9579629779455492E-004
   2.1426552715148050E-004  -6.6636894660943396E-005   8.4184689787299876E-004
   4.4105900542177847E-004  -1.8890907142334243E-003   3.6158951329483583E-004
   4.0097003364120823E-005   4.3970712746792951E-004   2.0619776245099332E-004
   4.8985421753902907E-004   8.5965278211287937E-004   3.5719727187977844E-003
  -2.7664498295810894E-004   6.7794594467523908E-005  -4.7449517612506539E-005
  -6.3906849254737074E-004  -3.8774396835499823E-005   9.3867416562071974E-005
  -1.9542797238524968E-003   1.4981438364156602E-003  -3.4954608507849990E-003
   5.4886372853613031E-004  -2.6533541961177535E-004   6.4205069008167628E-004
   1.0614686618452124E-003  -1.9712268385572726E-003   2.5963226103495178E-003
   3.0100989103182615E-004   9.1831059540112524E-006  -4.4971021232874942E-005
   1.8480736094118525E-004   2.6193142942771678E-005   2.0704389529691540E-004
  -3.1376843194937766E-004  -1.5780644534126105E-003  -1.6064918957581228E-004
  -4.4250455547052323E-004   1.1326394855835382E-004   5.9469115059714635E-004
   4.5709046511477379E-004   2.1106840745747893E-003   9.7789718025116591E-004
   1.1213643207222054E-004  -6.9215490727531190E-004  -5.6774814887388899E-004
   8.3148762775791630E-006   4.4687955012243204E-005   4.6023991364885377E-004
   2.4478234310286121E-003  -3.3007532334563893E-004  -8.7417907682318594E-004
  -4.0342905420379426E-005   4.7886376687170253E-004   1.5384621201521950E-004
   2.7704881514092455E-004   1.2299205922910750E-004  -1.8212155854552682E-003
