 N     7.0         0.20829330268954         0.13325883206529         2.42208042939856   14.00307401
 C     6.0         1.31589515535725         1.85197086012744         1.06779771243473   12.00000000
 H     1.0         2.54489657130323         2.91383952784043         2.31400973838562    1.00782504
 C     6.0        -1.41450925334120        -1.45660117489102         1.46265425022019   12.00000000
 H     1.0        -2.47623603449911        -2.78080069829934         2.91975452132665    1.00782504
 N     7.0         8.61027989540990         3.22542076686458         1.83187984456679   14.00307401
 C     6.0        10.48862438044531         1.64180856231602         2.26738378032716   12.00000000
 H     1.0        10.21499531044856         0.19094900548843         3.80106681632306    1.00782504
 C     6.0         8.98321640655439         5.06328465590388         0.13780787546770   12.00000000
 H     1.0         7.53213529295877         6.59693645732703        -0.12848975263856    1.00782504
 N     7.0        -5.14373592435857         3.55034019909596         6.53246801801574   14.00307401
 C     6.0        -6.29655397733150         5.24868166520575         7.74856307914767   12.00000000
 H     1.0        -6.99265013918092         6.34544283766855         6.33908721200527    1.00782504
 C     6.0        -3.61731437360265         1.89562497837518         7.87160767355591   12.00000000
 H     1.0        -2.59276352202731         0.61541724863382         6.44149792666358    1.00782504
 N     7.0       -13.01889079298053         7.15640448740324         8.43009687428418   14.00307401
 C     6.0       -14.77943930408665         5.64816554866549         7.75795817622786   12.00000000
 H     1.0       -14.71531490519557         4.17385145140878         6.19546453754500    1.00782504
 C     6.0       -13.48498447503302         8.95064221445577        10.13257921183455   12.00000000
 H     1.0       -12.07498071055468        10.55858380597125        10.34534805334063    1.00782504
 N     7.0        -0.36862539810064         0.29185421504502        -2.77828974128572   14.00307401
 C     6.0        -1.66047905562563        -1.47927082604461        -1.62256491289106   12.00000000
 H     1.0        -3.22137006315564        -2.71975654629469        -2.30260694831451    1.00782504
 C     6.0         0.85443943247324         1.91766093261075        -1.59701034965915   12.00000000
 H     1.0         2.15736909669447         3.01084271729602        -3.23591434117965    1.00782504
 N     7.0        -8.19082874325074        -3.73627645778867        -1.15435219147468   14.00307401
 C     6.0       -10.05612931158094        -2.26010202370338        -1.60457752050888   12.00000000
 H     1.0       -10.10928219891489        -1.62370876966941        -3.43418212048925    1.00782504
 C     6.0        -8.48594140541773        -5.28818430537457         0.63266025045033   12.00000000
 H     1.0        -6.97254331520400        -6.13328346839444         1.37413260048606    1.00782504
 N     7.0         4.72139071469564        -3.22662119518046        -6.72868293449394   14.00307401
 C     6.0         6.11455246454521        -5.00624461769611        -8.05521826584425   12.00000000
 H     1.0         7.14866946666361        -6.14274615908692        -6.74337161160236    1.00782504
 C     6.0         3.48227597417520        -1.56754614809184        -8.20601083099712   12.00000000
 H     1.0         2.50383710055875        -0.12089749145795        -7.13483331292101    1.00782504
 N     7.0        13.17628279889138        -7.18937738500793        -7.97408859216477   14.00307401
 C     6.0        14.99234809946184        -5.41761364882238        -7.42981066334220   12.00000000
 H     1.0        14.45498937786742        -3.57481937251849        -6.27786749139336    1.00782504
 C     6.0        13.48304394922650        -9.01674701603891        -9.60955047876858   12.00000000
 H     1.0        12.13339541704077       -10.44147643740659        -9.97647540442448    1.00782504
