 N     7.0         0.28958803719154         0.09981350661859         2.65377473543145   14.00307401
 C     6.0         1.38195996356089         1.82452664041080         1.04105314013206   12.00000000
 H     1.0         2.21888389113919         3.56385064676984         2.04875235694614    1.00782504
 C     6.0        -1.39680723105204        -1.53376149110355         1.17636742217344   12.00000000
 H     1.0        -2.39681740883414        -2.60603867121847         2.37314653899175    1.00782504
 N     7.0         8.53825824279919         3.35568765060772         2.03375785880783   14.00307401
 C     6.0        10.46696087784179         1.49116902631456         1.93295750937852   12.00000000
 H     1.0        10.02516043939711        -0.02052551156052         3.11282133322261    1.00782504
 C     6.0         9.02931423441439         5.07479542302372         0.07110709977009   12.00000000
 H     1.0         7.49180329535269         6.48492016741068         0.31968740564917    1.00782504
 N     7.0        -5.11591261193362         3.50692137302193         6.48077750238105   14.00307401
 C     6.0        -6.18346926080573         5.41677169869771         7.74360292465235   12.00000000
 H     1.0        -7.55899243080595         6.86429963564648         6.77938717853640    1.00782504
 C     6.0        -3.78636728124248         1.99442883192924         7.94448830868374   12.00000000
 H     1.0        -2.55878080571338         0.64526402649317         7.16261862633722    1.00782504
 N     7.0       -12.92565939318743         7.07697691033070         8.29261733787879   14.00307401
 C     6.0       -14.83526976882040         5.51147450346060         7.72725835318694   12.00000000
 H     1.0       -14.46291089211941         4.40405116471837         6.09427308858107    1.00782504
 C     6.0       -13.48007560921388         8.81101470561246         9.99420919746369   12.00000000
 H     1.0       -11.76305677310327         9.81055500648077        10.73417821967720    1.00782504
 N     7.0        -0.41009987424168         0.19601505405044        -2.88169871393879   14.00307401
 C     6.0        -1.67892787953676        -1.42615966703444        -1.34416650183035   12.00000000
 H     1.0        -3.31889550175393        -2.83459166477816        -2.00310785881331    1.00782504
 C     6.0         1.04284888927146         1.89583038180302        -1.76118243695808   12.00000000
 H     1.0         2.14277840834064         3.49264241721590        -2.20904597834709    1.00782504
 N     7.0        -8.22404927273983        -3.73390748450019        -1.17687256997760   14.00307401
 C     6.0       -10.19258402471106        -2.10501718843530        -1.42768227098573   12.00000000
 H     1.0       -10.13754996768832        -0.01131776735924        -2.61113708951642    1.00782504
 C     6.0        -8.44397385339365        -5.53027162927060         0.69711154703356   12.00000000
 H     1.0        -7.31533060015837        -7.38569141026197         1.07236578606505    1.00782504
 N     7.0         4.78932223197664        -3.34548093730665        -6.83466438134202   14.00307401
 C     6.0         6.00654044158872        -5.04674028128664        -8.15997136565133   12.00000000
 H     1.0         7.34385801188138        -6.33690299893713        -7.24415638025758    1.00782504
 C     6.0         3.46248195868521        -1.63535447791250        -8.13782249066694   12.00000000
 H     1.0         2.57816431103566         0.08264891744516        -7.07131295553435    1.00782504
 N     7.0        12.98114949250850        -7.17591646121441        -7.78687387138171   14.00307401
 C     6.0        14.84292626401622        -5.27570683481578        -7.46566605632911   12.00000000
 H     1.0        14.96907425603032        -3.71198985251002        -6.16762108569776    1.00782504
 C     6.0        13.71141311359560        -8.76561604415219        -9.39634989396005   12.00000000
 H     1.0        12.33695036121051       -10.13062008480087       -10.07180328979641    1.00782504
