 n     7.0   13.22808293   15.57988391   14.59565738   14.00307401
 n     7.0   13.22808293   10.97426775   11.86050848   14.00307401
 c     6.0   13.22808299   13.31704473   15.75011698   12.00000000
 c     6.0   13.22808299   11.04355996   14.39991272   12.00000000
 c     6.0   13.22808287   15.51059170   12.05625314   12.00000000
 c     6.0   13.22808287   13.23710693   10.70604888   12.00000000
 h     1.0   13.22808304   13.32452963   17.81144823    1.00782504
 h     1.0   13.22808305    9.22998249   15.37979334    1.00782504
 h     1.0   13.22808282   17.32416917   11.07637252    1.00782504
 h     1.0   13.22808281   13.22962203    8.64471763    1.00782504
