 N     7.0   -0.06327445    0.26434139    2.52613380   14.00307401
 C     6.0    1.15982193    1.87772243    1.05155197   12.00000000
 H     1.0    2.27244838    3.31914543    1.95360122    1.00782504
 C     6.0   -1.42178058   -1.41005327    1.26368620   12.00000000
 H     1.0   -2.45229396   -2.77742794    2.35941190    1.00782504
 N     7.0    8.56537192    3.46454268    1.58451406   14.00307401
 C     6.0   10.41279783    1.81211037    1.93978680   12.00000000
 H     1.0   10.13473724    0.40791088    3.38185438    1.00782504
 C     6.0    9.03796920    5.11818328   -0.23181219   12.00000000
 H     1.0    7.63778271    6.54790451   -0.57777691    1.00782504
 N     7.0   -5.12713685    3.77650245    6.48239869   14.00307401
 C     6.0   -6.29626156    5.42884331    7.95189994   12.00000000
 H     1.0   -7.44626054    6.84205225    7.05423545    1.00782504
 C     6.0   -3.72774090    2.12923645    7.74545048   12.00000000
 H     1.0   -2.73133059    0.73281949    6.65588549    1.00782504
 N     7.0  -13.07180767    7.19761166    7.97844597   14.00307401
 C     6.0  -14.91381525    5.54319109    7.61089807   12.00000000
 H     1.0  -14.62559700    4.14640541    6.16211087    1.00782504
 C     6.0  -13.55058735    8.84649151    9.79716766   12.00000000
 H     1.0  -12.15089052   10.27160847   10.16307137    1.00782504
 N     7.0   -0.28154465    0.09625794   -2.83660299   14.00307401
 C     6.0   -1.51920390   -1.50825458   -1.36046619   12.00000000
 H     1.0   -2.66084247   -2.93310372   -2.25298039    1.00782504
 C     6.0    1.06556359    1.78005802   -1.57690454   12.00000000
 H     1.0    2.08662964    3.15370390   -2.67303741    1.00782504
 N     7.0   -8.15760541   -3.76316937   -1.28807979   14.00307401
 C     6.0  -10.00728374   -2.11347253   -1.64823964   12.00000000
 H     1.0   -9.73881370   -0.71625320   -3.09965086    1.00782504
 C     6.0   -8.62585025   -5.41230645    0.53316101   12.00000000
 H     1.0   -7.21612530   -6.82884036    0.89544009    1.00782504
 N     7.0    4.85701162   -3.45994149   -6.78310006   14.00307401
 C     6.0    6.03310368   -5.10754802   -8.25207592   12.00000000
 H     1.0    7.17751105   -6.52311341   -7.34893406    1.00782504
 C     6.0    3.46194684   -1.81038331   -8.04755533   12.00000000
 H     1.0    2.46296315   -0.41512846   -6.95906853    1.00782504
 N     7.0   13.19565095   -7.29819980   -7.78260015   14.00307401
 C     6.0   15.03702939   -5.64313165   -7.41876043   12.00000000
 H     1.0   14.75308133   -4.24631580   -5.97092503    1.00782504
 C     6.0   13.67437305   -8.94788089   -9.60211418   12.00000000
 H     1.0   12.27688329  -10.37742896   -9.96073947    1.00782504
