 n     7.0   13.17296597   16.02907555   14.50677446   14.00307401
 n     7.0   13.17296595   11.48624606   11.75361985   14.00307401
 c     6.0   13.17296597   13.77437806   15.64257956   12.00000000
 c     6.0   13.17296596   11.52329136   14.27802167   12.00000000
 c     6.0   13.17296593   15.99195947   11.98259266   12.00000000
 c     6.0   13.17296593   13.74102548   10.61810192   12.00000000
 h     1.0   13.17296600   13.75881472   17.69162793    1.00782504
 h     1.0   13.17296598    9.71398763   15.24005444    1.00782504
 h     1.0   13.17296591   17.80122610   11.02050508    1.00782504
 h     1.0   13.17296592   13.75672261    8.56903388    1.00782504
