temp
   0.0000000000

vib
0
0
0
0
0
0
0
0
0
0
0
0
0
0
0
0
0
0
0
0
0
0
0
0

dist
   1.0000000000     0.0000000000     1.0000000000     0.0000000000
   1.0000000000     0.0000000000     1.0000000000     0.0000000000
   1.0000000000     0.0000000000     1.0000000000     0.0000000000
   1.0000000000     0.0000000000     1.0000000000     0.0000000000
   1.0000000000     0.0000000000     1.0000000000     0.0000000000
   1.0000000000     0.0000000000     1.0000000000     0.0000000000
   1.0000000000     0.0000000000     1.0000000000     0.0000000000
   1.0000000000     0.0000000000     1.0000000000     0.0000000000
   1.0000000000     0.0000000000     1.0000000000     0.0000000000
   1.0000000000     0.0000000000     1.0000000000     0.0000000000
   1.0000000000     0.0000000000     1.0000000000     0.0000000000
   1.0000000000     0.0000000000     1.0000000000     0.0000000000
   1.0000000000     0.0000000000     1.0000000000     0.0000000000
   1.0000000000     0.0000000000     1.0000000000     0.0000000000
   1.0000000000     0.0000000000     1.0000000000     0.0000000000
   1.0000000000     0.0000000000     1.0000000000     0.0000000000
   1.0000000000     0.0000000000     1.0000000000     0.0000000000
   1.0000000000     0.0000000000     1.0000000000     0.0000000000
   1.0000000000     0.0000000000     1.0000000000     0.0000000000
   1.0000000000     0.0000000000     1.0000000000     0.0000000000
   1.0000000000     0.0000000000     1.0000000000     0.0000000000
   1.0000000000     0.0000000000     1.0000000000     0.0000000000
   1.0000000000     0.0000000000     1.0000000000     0.0000000000
   1.0000000000     0.0000000000     1.0000000000     0.0000000000

freq
 322.1700000000
 391.7400000000
 636.5500000000
 717.7300000000
 755.5600000000
 800.4200000000
 938.5600000000
 985.1600000000
 994.1100000000
1030.7200000000
1051.2500000000
1089.1600000000
1148.4600000000
1212.4700000000
1253.6800000000
1378.3400000000
1444.9300000000
1513.3600000000
1569.6700000000
1613.8300000000
3144.2100000000
3145.1900000000
3159.2200000000
3165.2100000000

nmodes
24

npoints
500

