 N     7.0        -0.11665830840941        -0.14758831331699         3.05384176321626   14.00307401
 C     6.0         1.20088360336352         1.37574281573022         1.43803482644516   12.00000000
 H     1.0         2.03865023826467         3.00181064894052         2.33423600998624    1.00782504
 C     6.0        -1.36388643917585        -1.50460658002709         1.17417086003357   12.00000000
 H     1.0        -2.26959872568274        -3.22512147361786         1.60467768124150    1.00782504
 N     7.0         8.26449238705206         3.41209942512956         1.50700768810409   14.00307401
 C     6.0         9.90699172254563         1.55589301823974         1.98456428358454   12.00000000
 H     1.0         9.18943485752812         0.11029594039609         2.96381172408568    1.00782504
 C     6.0         8.81510191688920         5.27725782391787        -0.18787996142684   12.00000000
 H     1.0         7.54360829893999         6.88547251843453        -0.45488285868357    1.00782504
 N     7.0        -5.01103311963698         3.70713306415487         6.80446477581921   14.00307401
 C     6.0        -6.35610973938693         5.31869065137079         7.85495229468957   12.00000000
 H     1.0        -7.44253386672946         6.53063346304558         6.58970848354196    1.00782504
 C     6.0        -3.66068455959154         2.05339347243390         8.08827583666563   12.00000000
 H     1.0        -2.66890065926838         0.43323449648114         6.79477871199247    1.00782504
 N     7.0       -12.86010445218615         7.20177668318311         8.27039187070500   14.00307401
 C     6.0       -14.57590025245631         5.37315680842897         7.81247385696210   12.00000000
 H     1.0       -14.50354848736469         4.53073482656467         6.00448236156878    1.00782504
 C     6.0       -13.52784565917715         9.07818579472380         9.93797488684596   12.00000000
 H     1.0       -11.90575280456087        10.39417160346293        10.52928890938126    1.00782504
 N     7.0         0.06524550345269         0.28679100643506        -2.94932258785497   14.00307401
 C     6.0        -1.44060283464431        -1.16448273347698        -1.50125488921018   12.00000000
 H     1.0        -3.23332013287513        -1.87712963632340        -2.54521806398225    1.00782504
 C     6.0         1.40978865581357         1.43888335166158        -1.15409737501599   12.00000000
 H     1.0         2.91520832276016         2.30589811785012        -1.43772570376800    1.00782504
 N     7.0        -8.47356738314541        -3.72161478821370        -1.17493716790956   14.00307401
 C     6.0       -10.39663247913965        -2.34366768729589        -1.87479139824931   12.00000000
 H     1.0       -10.26347608706585        -1.38257633757075        -3.58633241878421    1.00782504
 C     6.0        -8.70665762001166        -5.19355307557542         0.74107677858681   12.00000000
 H     1.0        -7.09747702636243        -5.70985030500307         1.74822837663613    1.00782504
 N     7.0         4.34183944381045        -3.09171286042344        -6.67817269883360   14.00307401
 C     6.0         5.70374213741313        -5.03536801867966        -7.69945672033137   12.00000000
 H     1.0         6.83976303581213        -6.22477429065113        -6.68408732172148    1.00782504
 C     6.0         3.15103146955060        -1.42591462409128        -8.02249424347462   12.00000000
 H     1.0         2.05053640714244         0.28908940753519        -7.18643165298003    1.00782504
 N     7.0        12.81022605915352        -6.99227125342612        -8.06020228523782   14.00307401
 C     6.0        14.63567898150595        -5.28812871303430        -7.45991387084623   12.00000000
 H     1.0        14.49921294377879        -3.95709867101152        -5.75072433563695    1.00782504
 C     6.0        13.49499299805375        -8.93347149864923        -9.68552698731161   12.00000000
 H     1.0        11.91926756691728        -9.97514411769803       -10.28196928412336    1.00782504
