   1.0405699732190885E-004  -2.4492870480615040E-004  -1.9275667422652689E-004
  -4.2256246704740528E-004   5.0756531094421143E-004   3.4235173902526136E-004
   1.9427811854651285E-003   1.7469967238357123E-003  -1.7566846796585106E-003
  -2.5518398983415401E-004  -5.2507682274409559E-004  -2.1639932650645947E-004
   2.2656940238317171E-004  -1.4257058564506513E-003  -2.3741251735501245E-004
   2.0480238196050047E-004  -2.4480836647767753E-004  -3.0603655460328580E-004
  -7.8127976537082570E-004  -2.6246967320217140E-004   8.2317556060045440E-005
   1.5142924487490553E-003  -4.2770048411315949E-004  -7.8756325694973376E-004
  -1.2517589493548137E-004   8.9834487362721737E-004  -5.0150231349254152E-004
   1.2320008313742963E-003  -4.1019872767459394E-004   2.6657335397662634E-003
   1.1833714480512024E-004  -3.2759803830985514E-004  -2.9349163343898291E-004
  -2.6513098931595655E-004   1.4439313114617802E-004   3.1610130140422493E-004
   2.3025701927760355E-003  -5.8982577918317997E-005   1.7739960912218384E-003
   1.4836412543018851E-004  -5.9937078223806690E-005  -6.7055698903412890E-004
  -5.2749377091613635E-004   7.7298444368942558E-004  -1.1721841836872344E-003
   2.9249784867146721E-004  -6.7994053429117033E-005   2.7254664381822532E-004
  -4.9933104065709086E-004  -3.4896885250917009E-004  -3.6288890302759564E-004
   2.6848913081628824E-003  -5.2314697272815990E-004   1.9189531109046863E-004
   1.5118740801583344E-004   6.8571225836539483E-004   1.4227425821089663E-004
   2.1638977850781303E-004   1.9603729692218453E-003  -9.2059091163957556E-004
   5.3283359676965661E-004  -4.1421966737044267E-005   3.2576875857028335E-004
   9.9695136785947478E-005   4.2488776393526134E-005  -1.0009095814550701E-004
   2.0603920185004575E-003   1.2154259285481683E-003   1.9030654418089731E-003
  -3.9642015549135414E-004   6.7321106831368216E-005   1.7083052987247488E-004
  -1.6772355713826428E-003   2.9080938314076656E-004   6.9162739189394253E-004
   2.1890627558817828E-005   3.9919513127321027E-004   3.0556572580270959E-004
   3.3403717059144898E-004  -2.4947559469323778E-004  -1.7557738082926179E-004
  -7.2141002528918114E-004  -9.0475840824367582E-004   1.3032116934754315E-003
   6.8127569059597031E-005  -5.2762574679081321E-004   2.8365136334913230E-004
  -1.8189209385941301E-003   1.6268289892113052E-003  -2.1056705252257371E-003
  -6.5690581824832321E-005   3.7796997058677412E-004  -4.0049430834880476E-004
  -6.1550990871147974E-004   3.7480026521746355E-004   1.1409526515989018E-003
   1.0592582897699472E-003   1.1114717129929664E-005  -1.9235554417596497E-003
   1.9636815912959707E-004  -2.9431583956241592E-004   5.9291861926036543E-004
   1.7216998629640719E-003  -2.2632280285392959E-003  -2.2649955035341850E-003
   1.5490577744177819E-005   3.4945196030606988E-004  -1.6509325159718929E-004
  -2.1132337146992369E-004  -1.9753521464886171E-004  -4.3595882789348443E-005
   1.0657339526675743E-003  -4.5368448317315479E-004   1.1503833936787632E-003
  -4.7484793721410145E-005  -7.6024701085915778E-005  -5.7218792814327629E-005
   5.8231234232615037E-004  -2.9095945397471651E-003  -5.3702412763367532E-004
