 N     7.0    0.05857617    0.11519773    2.60387925   14.00307401
 C     6.0    1.20073381    1.83941702    1.16842753   12.00000000
 H     1.0    2.14600978    3.38523222    2.12494336    1.00782504
 C     6.0   -1.25919948   -1.58390361    1.28086943   12.00000000
 H     1.0   -2.14024478   -3.11139344    2.32687401    1.00782504
 N     7.0    8.49416218    3.41621619    1.61366133   14.00307401
 C     6.0   10.34449257    1.72382201    1.90689745   12.00000000
 H     1.0   10.02487862    0.21275872    3.25607716    1.00782504
 C     6.0    8.98661403    5.12887728   -0.16670366   12.00000000
 H     1.0    7.64450657    6.66136166   -0.38898287    1.00782504
 N     7.0   -5.08583861    3.74101847    6.48772200   14.00307401
 C     6.0   -6.22903423    5.44227671    7.95412230   12.00000000
 H     1.0   -7.24847197    6.95860937    7.02525086    1.00782504
 C     6.0   -3.74216895    2.05133728    7.79654722   12.00000000
 H     1.0   -2.83054584    0.55417640    6.73047275    1.00782504
 N     7.0  -13.06409273    7.14552326    8.01565774   14.00307401
 C     6.0  -14.95654058    5.53975109    7.57174085   12.00000000
 H     1.0  -14.72968976    4.23734765    5.99339581    1.00782504
 C     6.0  -13.51776848    8.76494271    9.88931799   12.00000000
 H     1.0  -12.01699545   10.07454462   10.39385107    1.00782504
 N     7.0   -0.27716354    0.17706010   -2.78107026   14.00307401
 C     6.0   -1.58143297   -1.43285732   -1.35097514   12.00000000
 H     1.0   -2.92156121   -2.68403718   -2.28513315    1.00782504
 C     6.0    1.19372822    1.76248298   -1.48755699   12.00000000
 H     1.0    2.40263670    3.02593795   -2.57588157    1.00782504
 N     7.0   -8.20728579   -3.77584280   -1.29723671   14.00307401
 C     6.0  -10.10956981   -2.17062498   -1.69907976   12.00000000
 H     1.0   -9.91891235   -0.86502059   -3.27879090    1.00782504
 C     6.0   -8.62011979   -5.39711548    0.58492338   12.00000000
 H     1.0   -7.10683575   -6.70406428    1.05878020    1.00782504
 N     7.0    4.84302117   -3.47286439   -6.72405544   14.00307401
 C     6.0    6.09792651   -5.09602358   -8.18814243   12.00000000
 H     1.0    7.37204068   -6.41958485   -7.26476351    1.00782504
 C     6.0    3.39832750   -1.85808098   -8.01441252   12.00000000
 H     1.0    2.26034549   -0.53999750   -6.91869916    1.00782504
 N     7.0   13.12875511   -7.29657212   -7.78544661   14.00307401
 C     6.0   14.96993198   -5.60096047   -7.45646734   12.00000000
 H     1.0   14.62208740   -4.08943892   -6.11582627    1.00782504
 C     6.0   13.65944856   -9.00653639   -9.55941405   12.00000000
 H     1.0   12.32106819  -10.53715722   -9.81666551    1.00782504
