    0.000198381    0.000201934    0.000129775
    0.000121472   -0.000205049    0.000503365
   -0.000749469   -0.000380002    0.000219480
   -0.000274525    0.000102627   -0.000242620
   -0.001427263   -0.000448390    0.001472210
   -0.000245173    0.000193771    0.000207604
   -0.000106725   -0.000203009   -0.000325527
   -0.001155197   -0.000326521    0.000339940
    0.000365157   -0.000061112   -0.000108951
    0.000488911    0.000034828    0.000913096
   -0.000105543   -0.000119174    0.000051872
    0.000429111   -0.000050060   -0.000146282
    0.000052502   -0.002079565   -0.001219702
   -0.000214475    0.000261796    0.000583282
    0.000893407   -0.001329905   -0.000935754
   -0.000265888   -0.000299421   -0.000053384
    0.000607740    0.000428105    0.000095785
   -0.000065318    0.000285394   -0.000750978
   -0.000140819    0.000186760   -0.000065039
   -0.000311350   -0.002086540   -0.000400374
    0.000250785    0.000246468    0.000227333
   -0.000330375   -0.000212384   -0.000363662
    0.000672331    0.001402400    0.003340541
   -0.000315149   -0.000234874   -0.000937147
    0.001223891    0.001473352    0.002204963
   -0.000064297   -0.000068931    0.000028008
   -0.000094657    0.000317349   -0.000496846
   -0.001159711   -0.000800599    0.003041595
    0.000638742    0.000134903    0.000122096
   -0.000142554   -0.002137313    0.001325962
   -0.000086084   -0.000079049   -0.000137718
   -0.000074017   -0.000076615   -0.000224400
    0.000972191    0.000320778   -0.000048850
   -0.000093698    0.000402389    0.000193270
    0.001268447   -0.000757973    0.000036019
   -0.000413309   -0.000526724   -0.000000086
   -0.000061871    0.000365365   -0.000032634
    0.001900653    0.000251062   -0.001361835
    0.000293834    0.000146235    0.000261925
   -0.000533277   -0.000426750   -0.001299008
