 N     7.0    0.06162982    0.09902750    2.66547385   14.00307401
 C     6.0    1.39014150    1.84418997    1.12696836   12.00000000
 H     1.0    2.01791826    3.58112608    2.00907438    1.00782504
 C     6.0   -1.15435556   -1.56808420    1.24264761   12.00000000
 H     1.0   -1.86431410   -3.27313673    2.33992030    1.00782504
 N     7.0    8.36148728    3.57016349    1.80372910   14.00307401
 C     6.0   10.30846610    1.75421066    1.90396597   12.00000000
 H     1.0   10.00182460    0.03521222    3.22101188    1.00782504
 C     6.0    9.06438076    5.37038543    0.08301165   12.00000000
 H     1.0    7.69553149    6.78179369   -0.08437473    1.00782504
 N     7.0   -5.08546887    3.89330068    6.47042103   14.00307401
 C     6.0   -6.24489817    5.54835137    7.95336247   12.00000000
 H     1.0   -7.33699450    6.86820054    6.94025870    1.00782504
 C     6.0   -3.94329077    2.14319740    7.77212812   12.00000000
 H     1.0   -3.32634675    0.64613831    6.57812691    1.00782504
 N     7.0  -13.33457940    7.27301532    7.85118000   14.00307401
 C     6.0  -15.16378980    5.55657688    7.61932750   12.00000000
 H     1.0  -15.19053040    4.34495908    5.84542700    1.00782504
 C     6.0  -13.79748610    8.72687810    9.94604055   12.00000000
 H     1.0  -12.05303580    9.79506830   10.20901220    1.00782504
 N     7.0   -0.17317897    0.06581297   -2.83779934   14.00307401
 C     6.0   -1.48639938   -1.50546335   -1.35359662   12.00000000
 H     1.0   -2.84042267   -2.54342363   -2.30948067    1.00782504
 C     6.0    1.41351584    1.60959971   -1.59284666   12.00000000
 H     1.0    2.72769610    2.71767097   -2.69572362    1.00782504
 N     7.0   -8.49157559   -4.03316066   -1.29845667   14.00307401
 C     6.0  -10.20098960   -2.24506231   -1.72567070   12.00000000
 H     1.0  -10.05340440   -1.03768039   -3.43848216    1.00782504
 C     6.0   -8.79787774   -5.37208239    0.61049409   12.00000000
 H     1.0   -7.30112376   -6.63002060    1.40709554    1.00782504
 N     7.0    4.75167868   -3.59292118   -6.69876782   14.00307401
 C     6.0    6.03749309   -5.10303859   -8.08296863   12.00000000
 H     1.0    7.64506682   -6.31312778   -7.32739547    1.00782504
 C     6.0    3.33927024   -1.83139987   -7.96988166   12.00000000
 H     1.0    2.21138946   -0.87050323   -6.94385920    1.00782504
 N     7.0   13.04550700   -7.31409610   -7.51968600   14.00307401
 C     6.0   14.72276790   -5.51401284   -7.31445849   12.00000000
 H     1.0   14.13260480   -3.75863072   -6.19229257    1.00782504
 C     6.0   13.50102850   -9.05100566   -9.46406587   12.00000000
 H     1.0   12.24894260  -10.57501070   -9.61023840    1.00782504
