 n     7.0   13.22808281   15.55313690   14.54953168   14.00307401
 n     7.0   13.22808305   10.90302895   11.90663420   14.00307401
 c     6.0   13.22808281   13.31640143   15.74627118   12.00000000
 c     6.0   13.22808293   11.01950365   14.44078171   12.00000000
 c     6.0   13.22808293   15.43666220   12.01538417   12.00000000
 c     6.0   13.22808305   13.13976443   10.70989470   12.00000000
 h     1.0   13.22808272   13.35957590   17.81213697    1.00782504
 h     1.0   13.22808293    9.22246557   15.46079610    1.00782504
 h     1.0   13.22808294   17.23370028   10.99536978    1.00782504
 h     1.0   13.22808314   13.09658996    8.64402891    1.00782504
