$coord
    7.55900315919598      9.84937492432507      8.88119420488098  n
    7.55900951768244      5.26843570159824      6.23661387700376  n
    7.55887349134776      7.62969925665412     10.06646885240259  c
    7.55897352334289      5.35199736588895      8.75154373724456  c
    7.55898119102395      9.76581340347624      6.36626494372319  c
    7.55890130226067      7.48811191682495      5.05133913575519  c
    7.55871602410690      7.66108745246801     12.11675264472792  h
    7.55889509165083      3.56078589688900      9.74964608716409  h
    7.55886472023622     11.55702470111442      5.36816300824309  h
    7.55872713915239      7.45672416076103      3.00105503885465  h
$user-defined bonds
$redundant
     number_of_atoms            10
     degrees_of_freedom         24
     internal_coordinates       24
     frozen_coordinates          0
# definitions of redundant internals
   1 k  1.0000000000000 stre   3    7           val=   2.05052
   2 k  0.7071067811996 bend   1    7    3      val=  -1.82529
       -0.7071067811735 bend   4    7    3
   3 k  1.0000000000000 outp   7    4    1    3 val=   0.00087
   4 k  1.0000000000000 stre   4    8           val=   2.05052
   5 k  0.7071067811992 bend   2    8    4      val=  -1.82501
       -0.7071067811739 bend   3    8    4
   6 k  1.0000000000000 outp   8    3    2    4 val=   0.00365
   7 k  1.0000000000000 stre   5    9           val=   2.05052
   8 k  0.7071067811885 bend   1    9    5      val=  -1.82500
       -0.7071067811846 bend   6    9    5
   9 k  1.0000000000000 outp   9    6    1    5 val=   0.00457
  10 k  1.0000000000000 stre   6   10           val=   2.05052
  11 k  0.7071067811892 bend   2   10    6      val=  -1.82529
       -0.7071067811839 bend   5   10    6
  12 k  1.0000000000000 outp  10    5    2    6 val=  -0.00055
  13 k  1.0000000000000 stre   1    5           val=   2.51632
  14 k  1.0000000000000 stre   5    6           val=   2.63001
  15 k  1.0000000000000 stre   6    2           val=   2.51631
  16 k  1.0000000000000 stre   2    4           val=   2.51632
  17 k  1.0000000000000 stre   4    3           val=   2.63001
  18 k  1.0000000000000 stre   3    1           val=   2.51631
  19 k -0.2886751345948 bend   1    6    5      val=  -2.85109
       -0.2886751345948 bend   5    2    6
        0.5773502691896 bend   6    4    2
       -0.2886751345948 bend   2    3    4
       -0.2886751345948 bend   4    1    3
        0.5773502691896 bend   3    5    1
  20 k  0.5000000000000 bend   1    6    5      val=   0.00029
       -0.5000000000000 bend   5    2    6
        0.5000000000000 bend   2    3    4
       -0.5000000000000 bend   4    1    3
  21 k -0.4082482904639 bend   1    6    5      val=  -0.00000
        0.4082482904639 bend   5    2    6
       -0.4082482904639 bend   6    4    2
        0.4082482904639 bend   2    3    4
       -0.4082482904639 bend   4    1    3
        0.4082482904639 bend   3    5    1
  22 k -0.2886751345948 tors   5    6    2    4 val=  -0.00358
       -0.2886751345948 tors   6    2    4    3
        0.5773502691896 tors   2    4    3    1
       -0.2886751345948 tors   4    3    1    5
       -0.2886751345948 tors   3    1    5    6
        0.5773502691896 tors   1    5    6    2
  23 k  0.5000000000000 tors   5    6    2    4 val=   0.00375
       -0.5000000000000 tors   6    2    4    3
        0.5000000000000 tors   4    3    1    5
       -0.5000000000000 tors   3    1    5    6
  24 k -0.4082482904639 tors   5    6    2    4 val=   0.00036
        0.4082482904639 tors   6    2    4    3
       -0.4082482904639 tors   2    4    3    1
        0.4082482904639 tors   4    3    1    5
       -0.4082482904639 tors   3    1    5    6
        0.4082482904639 tors   1    5    6    2
        24 non zero eigenvalues  of BmBt
           1          10.338738312    1    0
         1
           2           5.459411738    2    0
         2
           3           4.218900770    3    0
         3
           4           3.882942010    4    0
         4
           5           3.557013731    5    0
         5
           6           3.419718113    6    0
         6
           7           3.346630243    7    0
         7
           8           2.730046128    8    0
         8
           9           2.668954530    9    0
         9
          10           2.355083466   10    0
        10
          11           1.925876652   11    0
        11
          12           1.210838015   12    0
        12
          13           1.137338641   13    0
        13
          14           1.014109164   14    0
        14
          15           0.805841852   15    0
        15
          16           0.746123349   16    0
        16
          17           0.353910601   17    0
        17
          18           0.342601413   18    0
        18
          19           0.334875950   19    0
        19
          20           0.311486348   20    0
        20
          21           0.299210735   21    0
        21
          22           0.285597556   22    0
        22
          23           0.266742067   23    0
        23
          24           0.108265316   24    0
        24
$end
