$dipgrad          cartesian dipole gradients
  -.28684011191091D+00  0.61823691345295D-04  -.80586795252097D-04
  0.69272838430848D-05  -.33334895861738D+00  -.97701842006662D-01
  -.28352246138123D-04  -.97722886710870D-01  -.22053172076050D+00
  -.28683089152803D+00  -.53088079164751D-04  0.83079399016533D-04
  -.23142258704645D-05  -.33338221599654D+00  -.97727808857745D-01
  0.21147324903171D-04  -.97706967245938D-01  -.22051080050544D+00
  0.39731301209150D-01  -.40365149102262D-04  -.14756291285626D-03
  0.10160358896750D-04  -.65708722284840D-01  0.29557450585909D+00
  -.23565046949740D-04  -.47186325850240D-01  0.37433219877052D+00
  0.39742010333860D-01  -.34017952710633D-04  -.43140493493478D-04
  0.33722610408181D-05  0.37186998048213D+00  -.29985492357812D+00
  0.38901879785801D-05  0.42901669791271D-01  -.63216695452967D-01
  0.39737723463660D-01  0.15396538246750D-04  0.48646314849011D-04
  -.43255011043406D-05  0.37185554864724D+00  -.29987384794639D+00
  0.38907163265713D-05  0.42873042225245D-01  -.63234400405497D-01
  0.39758315102703D-01  0.46018090299256D-04  0.15184744404420D-03
  -.14027702050345D-04  -.65730150682069D-01  0.29555565972052D+00
  0.22787812718188D-04  -.47178927944141D-01  0.37432852433193D+00
  0.10367355630285D+00  -.12442097924809D-04  0.19725489053087D-04
  0.13475930231067D-05  0.68401073657910D-01  0.62484676912798D-02
  0.95636349507543D-05  0.32491979671767D-01  -.10007567292776D+00
  0.10367554708724D+00  -.15201683892065D-04  0.80137166573945D-05
  0.22978151801559D-06  -.41175751890895D-01  0.95768136916842D-01
  0.51167008241436D-05  0.69519928354944D-01  0.94936894772904D-02
  0.10367569975286D+00  0.19469475862840D-04  -.10489835945651D-04
  0.12661802522430D-06  -.41179549359517D-01  0.95767527089702D-01
  -.54538850246515D-05  0.69517392778639D-01  0.94877855605672D-02
  0.10367685436655D+00  0.12407165064697D-04  -.29532328017313D-04
  -.14964686858568D-05  0.68398750224759D-01  0.62441251103100D-02
  -.90252014205067D-05  0.32491094927359D-01  -.10007290390821D+00
$end
