$energy      SCF               SCFKIN            SCFPOT
     1 -264.2612099545      262.9687375937     -527.2299475483
     2 -264.2617228225      263.0956578718     -527.3573806943
     3 -264.2617396408      263.1171832918     -527.3789229325
     4 -264.2617415077      263.1183794492     -527.3801209569
     5 -264.2617423256      263.1167634468     -527.3785057724
     6 -264.2617433313      263.1140434421     -527.3757867734
     7 -264.2617433679      263.1146714341     -527.3764148019
     8 -264.2617433871      263.1150192653     -527.3767626525
$end
