$grad          cartesian gradients
  cycle =      1    SCF energy =     -264.2612099545   |dE/dxyz| =  0.017556
    7.55900847000000      9.85676049000000      8.88540535000000      n
    7.55874390000000      5.26105047000000      6.23240182000000      n
    7.55870044000000      7.63371690000000     10.07683232000000      c
    7.55908595000000      5.34091029000000      8.75321712000000      c
    7.55912752000000      9.77690066000000      6.36459195000000      c
    7.55866265000000      7.48409405000000      5.04097674000000      c
    7.55792754000000      7.65816240000000     12.14888112000000      h
    7.55988152000000      3.53427731000000      9.76834398000000      h
    7.55968310000000     11.58353176000000      5.34946319000000      h
    7.55812407000000      7.45965045000000      2.96892794000000      h
  0.12158291294767D-04  0.25958394373293D-02  0.14528348839546D-02
  -.13819765009306D-04  -.25953694428760D-02  -.14533794454939D-02
  0.38599130858647D-05  0.37653174575757D-02  -.65171588706729D-03
  -.31003127576201D-05  -.13123274332514D-02  -.36433778508975D-02
  -.10686986162162D-04  0.13124235655333D-02  0.36432810858801D-02
  0.10869542985245D-04  -.37658877715013D-02  0.65215860429005D-03
  -.16894124775929D-04  -.42743011846265D-03  0.75761264120935D-02
  0.17368982223474D-04  -.63736604317834D-02  0.41773561751634D-02
  0.60079903585375D-05  0.63735219222661D-02  -.41773270081088D-02
  -.57670732362384D-05  0.42757278971010D-03  -.75759569494586D-02
  cycle =      2    SCF energy =     -264.2617228225   |dE/dxyz| =  0.004746
    7.55836555536329      9.85091615923388      8.88208583688504      n
    7.55944840664961      5.26689428278493      6.23572218596646      n
    7.55899746590426      7.63183590417575     10.06707453668128      c
    7.55880120897299      5.35039454142253      8.74996297189365      c
    7.55852123275492      9.76741637113058      6.36784658427641      c
    7.55928939069282      7.48597509870881      5.05073415767696      c
    7.56080436977232      7.65748113487342     12.12118446981992      h
    7.55695976192001      3.55874832104879      9.75500915134926      h
    7.55769165142407     11.55906172690362      5.36279839733693      h
    7.56006611654571      7.46033123971769      2.99662323811411      h
  -.40970510890853D-04  -.19720174457588D-03  -.12597532456673D-03
  0.41754267091269D-04  0.19725954209110D-03  0.12567429391930D-03
  -.36071481981803D-04  0.19065260668351D-02  -.34403796895774D-03
  0.35915522594638D-04  -.65001419655707D-03  -.18462418088445D-02
  0.40317531406467D-04  0.65018659552995D-03  0.18465584031860D-02
  -.39120805967169D-04  -.19067907214283D-02  0.34411461031622D-03
  0.48839091637248D-04  -.26872773535963D-03  0.13131993329941D-02
  -.49361796849436D-04  -.10067154385600D-02  0.89632593583151D-03
  -.37230800343474D-05  0.10066619657412D-02  -.89635065826274D-03
  0.24249437644257D-05  0.26881576728758D-03  -.13132667042914D-02
  cycle =      3    SCF energy =     -264.2617396408   |dE/dxyz| =  0.001500
    7.56150567259650      9.84930252677095      8.88116348383477      n
    7.55620168770071      5.26850553953946      6.23664922209947      n
    7.55874258659444      7.63022815263110     10.06617601645744      c
    7.55902601992131      5.35198355569260      8.75091916391714      c
    7.56038521993673      9.76582468658543      6.36689333102965      c
    7.55736094121148      7.48758162307531      5.05163661613621      c
    7.55209579128399      7.65781490462677     12.11636134952910      h
    7.56575946932116      3.56277346264418      9.75229353919021      h
    7.56200728583610     11.55504038943511      5.36550807399292      h
    7.55586048559759      7.45999993899909      3.00144073381311      h
  0.21967377890938D-03  -.36594815024499D-03  -.21318519833119D-03
  -.22318716171141D-03  0.36532099403497D-03  0.21308154482022D-03
  0.87446352934763D-04  0.59171379311447D-03  0.10982124032180D-03
  -.86730657831867D-04  -.39078613877629D-03  -.46519513949844D-03
  -.11619304143101D-03  0.39119712398994D-03  0.46663209498322D-03
  0.11445621428350D-03  -.59196911266366D-03  -.10976467955987D-03
  -.19280684624655D-03  -.21803442915353D-03  -.67737482257135D-04
  0.19437742069438D-03  0.16933543071754D-03  0.15771375767763D-03
  -.32864939655398D-04  -.16886351618040D-03  -.15817883417053D-03
  0.35816121629366D-04  0.21803504149007D-03  0.66812863683374D-04
  cycle =      4    SCF energy =     -264.2617415077   |dE/dxyz| =  0.001181
    7.55837574098050      9.84921109538138      8.88110712526579      n
    7.55938928271927      5.26859985639309      6.23670072648897      n
    7.55861893379104      7.63005310714711     10.06615500536809      c
    7.55916726369267      5.35208936391448      8.75106304140160      c
    7.55890072900250      9.76572175933440      6.36674575503252      c
    7.55887278948537      7.48775821862117      5.05165339572853      c
    7.55825871655191      7.65807877152903     12.11610164483101      h
    7.55954792593657      3.56286554005837      9.75193382987834      h
    7.56023333296589     11.55494437200064      5.36587396972805      h
    7.55758044487429      7.45973269562036      3.00170703627712      h
  -.54370593991963D-04  -.33392566529783D-03  -.19399070708218D-03
  0.53636597416725D-04  0.33348025405838D-03  0.19345921691710D-03
  0.37448932651486D-04  0.43382919354371D-03  0.13455450610533D-03
  -.36913669041783D-04  -.33366002384849D-03  -.31416999316188D-03
  -.29207682533177D-04  0.33379077624614D-03  0.31486289912748D-03
  0.28335568851665D-04  -.43320188727313D-03  -.13461309676835D-03
  0.87940559601058D-05  -.19880474506601D-03  -.15090630669609D-03
  -.86230664330159D-05  0.23182490276719D-03  0.99030508705189D-04
  0.34713511707826D-04  -.23207230616198D-03  -.99058158620671D-04
  -.33815621656491D-04  0.19873948576642D-03  0.15083117245379D-03
  cycle =      5    SCF energy =     -264.2617423256   |dE/dxyz| =  0.000818
    7.55909005225282      9.84931692185465      8.88116615921606      n
    7.55873339892570      5.26849425711869      6.23664203589192      n
    7.55917237564756      7.62995642603389     10.06627193981585      c
    7.55862615061035      5.35203579411764      8.75120961843688      c
    7.55871247329619      9.76577535315420      6.36659884388791      c
    7.55909571714561      7.48785459164053      5.05153662847186      c
    7.56037961914890      7.65874842710290     12.11639884314791      h
    7.55738042992712      3.56226889760433      9.75150099683621      h
    7.55710353726351     11.55554146217585      5.36630640524017      h
    7.56065140578225      7.45906264919735      3.00141005905525      h
  0.20323940644293D-04  -.21300391492562D-03  -.12371562199076D-03
  -.19626257910787D-04  0.21285566849621D-03  0.12347721049419D-03
  -.41861131163510D-04  0.30742505607386D-03  0.90362954756867D-04
  0.42355189150938D-04  -.23232756087096D-03  -.22535767731753D-03
  0.37769264025088D-04  0.23242116709046D-03  0.22565836109041D-03
  -.36995890337757D-04  -.30723398440038D-03  -.90369318151276D-04
  0.22796246427848D-04  -.15351025357318D-03  -.80585332152217D-04
  -.23469621950055D-04  0.14759959115701D-03  0.94550579976010D-04
  -.39613400532072D-04  -.14769918607835D-03  -.94622653785806D-04
  0.38324893321570D-04  0.15347340394611D-03  0.80601520092649D-04
  cycle =      6    SCF energy =     -264.2617433313   |dE/dxyz| =  0.000176
    7.55898427680756      9.84949899739098      8.88126653920757      n
    7.55884412991344      5.26831256363585      6.23654232513963      n
    7.55865495757012      7.62968892673358     10.06650599632301      c
    7.55912870910994      5.35196674304490      8.75156925913522      c
    7.55916451920129      9.76584441769716      6.36623852921185      c
    7.55865289686002      7.48812146039986      5.05130273491356      c
    7.55827995115976      7.66046057796142     12.11691926994252      h
    7.55948703755239      3.56095325277018      9.75027376524764      h
    7.55935919104997     11.55685813051448      5.36753326248518      h
    7.55838949077553      7.45734970985162      3.00088984839384      h
  0.64009153139897D-05  0.59899605333702D-04  0.34968849140393D-04
  -.46617153252459D-05  -.59353449619770D-04  -.34533212163262D-04
  -.36008691606689D-04  -.36792906613237D-04  -.37954579762828D-05
  0.34317865738700D-04  0.20950538459290D-04  0.29664642460250D-04
  0.32128476871854D-04  -.21044939559144D-04  -.30322958406159D-04
  -.30406349177296D-04  0.36073746617578D-04  0.39430049420808D-05
  -.79623849041900D-05  -.36864840758332D-04  0.38895302202469D-04
  0.80892876219229D-05  -.14993133347768D-04  0.51851838319045D-04
  0.13133699571779D-05  0.15221309213442D-04  -.51975177894223D-04
  -.32163396515779D-05  0.36904039857845D-04  -.38696851457187D-04
  cycle =      7    SCF energy =     -264.2617433679   |dE/dxyz| =  0.000115
    7.55886096687471      9.84943598380451      8.88122959386299      n
    7.55883162867659      5.26837501962868      6.23657881768449      n
    7.55912419755646      7.62969444412450     10.06647221486019      c
    7.55864378243496      5.35199558993566      8.75154921737675      c
    7.55862579395604      9.76581529010888      6.36625907626864      c
    7.55910227060903      7.48811633169297      5.05133598643422      c
    7.55962788240211      7.66091904154474     12.11680161383819      h
    7.55823933720316      3.56082695142129      9.74981675588009      h
    7.55820300606902     11.55698402015818      5.36799169846658      h
    7.55968629421794      7.45689210758062      3.00100655532788      h
  -.48190870686733D-05  0.36825145101671D-04  0.21564281003000D-04
  -.34251825000789D-05  -.36394406806028D-04  -.21249078017149D-04
  0.38003300788402D-04  -.25495595693176D-04  -.13669886311962D-04
  -.34088261281572D-04  0.24143067353891D-04  0.15412975513607D-04
  -.37299739069447D-04  -.24270211828742D-04  -.15890922591202D-04
  0.34043887215643D-04  0.24947588612483D-04  0.13733552624587D-04
  0.10082465192902D-04  -.97802744905562D-05  0.79540945557288D-05
  -.76911781868706D-05  -.17753999303760D-05  0.12689130478444D-04
  -.81301749227252D-05  0.19197011976446D-05  -.12675185038225D-04
  0.13329862313388D-04  0.98803784039465D-05  -.78688821185391D-05
$end
