$hessapprox internal
  0.405545377476D+00 -0.255907833358D-02  0.309450588415D+00 -0.179260746324D-02
  0.268351833711D-03  0.848855275014D-01 -0.169225966582D-01 -0.258252917410D-02
 -0.178674244553D-02  0.405344829541D+00 -0.257825134850D-02 -0.601041014905D-01
  0.272449987515D-03 -0.260213188209D-02  0.307998849559D+00 -0.131777601797D-02
  0.836468677022D-03  0.397580159836D-01 -0.130976318951D-02  0.844415477288D-03
  0.845497230783D-01 -0.169422276322D-01 -0.263221241600D-02 -0.179608606926D-02
 -0.170007891356D-01 -0.265218387314D-02 -0.131712466848D-02  0.405306144317D+00
 -0.256227894451D-02 -0.601175005257D-01  0.266946467814D-03 -0.258613306058D-02
 -0.608451243308D-01  0.840587126100D-03 -0.263612765030D-02  0.307971740262D+00
  0.880737083037D-03  0.150920991877D-03 -0.434017534936D-02  0.939821569946D-03
  0.175906511179D-03 -0.419453874772D-02  0.937372208121D-03  0.169888029072D-03
  0.860172111083D-01 -0.168498959268D-01 -0.251997634079D-02 -0.180820356910D-02
 -0.169083628658D-01 -0.253884274350D-02 -0.133514753993D-02 -0.169277904734D-01
 -0.252292234307D-02  0.893087495618D-03  0.405573935770D+00 -0.257809882122D-02
 -0.594053435358D-01  0.286456642194D-03 -0.260157277893D-02 -0.601238994817D-01
  0.853363403834D-03 -0.265136622438D-02 -0.601373297433D-01  0.154215490886D-03
 -0.253891140576D-02  0.309411275424D+00 -0.304316053818D-03 -0.839641559400D-03
 -0.309717973534D-02 -0.251667342208D-03 -0.819970314523D-03 -0.317415804845D-02
 -0.256709759676D-03 -0.832332428053D-03  0.416563514146D-01 -0.289347209341D-03
 -0.830532670150D-03  0.879258996700D-01 -0.693875268448D-02  0.104004728773D-01
 -0.432647216621D-04 -0.690117361349D-02  0.105937197484D-01  0.750586254485D-03
 -0.697040164949D-02  0.106318577788D-01 -0.479783321985D-02 -0.688894664079D-02
  0.103608348632D-01 -0.639290579424D-02  0.661408158027D+00 -0.159909712503D-01
 -0.162408023051D-01 -0.275810411678D-02 -0.161022093030D-01 -0.164859023396D-01
 -0.271940576189D-02 -0.160697250431D-01 -0.164970025401D-01  0.556521100471D-02
 -0.160142065146D-01 -0.162344422580D-01  0.509937712126D-02  0.150823231164D-01
  0.564115441695D+00 -0.694857015663D-02  0.102776772911D-01 -0.967268140620D-04
 -0.691206635386D-02  0.104681201596D-01  0.694222090253D-03 -0.698019885219D-02
  0.105059760405D-01 -0.474082509224D-02 -0.689958410302D-02  0.102383620887D-01
 -0.634208209552D-02 -0.239948680801D-01  0.146765687001D-01  0.662129022618D+00
 -0.686763761423D-02  0.105336259240D-01 -0.493926971281D-04 -0.683032520010D-02
  0.107277050204D-01  0.739699676384D-03 -0.689873171180D-02  0.107656862643D-01
 -0.478099464671D-02 -0.681846533475D-02  0.104942900033D-01 -0.637303040270D-02
 -0.241939525899D-01  0.149764586859D-01 -0.237621946388D-01  0.661875364888D+00
 -0.159798533272D-01 -0.162213125642D-01 -0.267712509510D-02 -0.160911075313D-01
 -0.164663004623D-01 -0.263846486675D-02 -0.160585478406D-01 -0.164773955013D-01
  0.552429218083D-02 -0.160032052539D-01 -0.162149117869D-01  0.505763960605D-02
  0.151178115097D-01 -0.360338226503D-01  0.147116096463D-01  0.150116510318D-01
  0.564086484607D+00 -0.701018447904D-02  0.101360275475D-01 -0.658310125697D-04
 -0.697347969616D-02  0.103253938179D-01  0.729333338920D-03 -0.704232336237D-02
  0.103633733872D-01 -0.476539979419D-02 -0.696066625984D-02  0.100964593394D-01
 -0.636942651940D-02 -0.241830446473D-01  0.147520399065D-01 -0.237522866683D-01
 -0.239481692364D-01  0.147873965031D-01  0.661755141716D+00  0.581750949756D-02
  0.637004012198D-02 -0.434300284693D-02  0.581311763507D-02  0.639348315262D-02
 -0.411478099584D-02  0.585491155203D-02  0.639905623496D-02 -0.183851997272D-02
  0.578444720470D-02  0.637084634349D-02 -0.328843333842D-02  0.166755057323D-01
 -0.509583252940D-02  0.165211980241D-01  0.165545560790D-01 -0.510827829778D-02
  0.166232238224D-01  0.440867493387D+00  0.699391766361D-04 -0.439557785161D-06
 -0.443160938707D-04  0.693443381549D-04 -0.140823514679D-05 -0.521359717890D-04
  0.703196107031D-04 -0.173924903823D-05 -0.614168355548D-05  0.692225873733D-04
 -0.260410224830D-07  0.314337415157D-05  0.311664599121D-03 -0.197760805292D-03
  0.306410524486D-03  0.308505372146D-03 -0.198211695386D-03  0.308992619366D-03
 -0.178357869519D-03  0.436550537216D+00  0.112924618069D-05 -0.139723666680D-04
 -0.469143313504D-05  0.117214049940D-05 -0.141249213878D-04 -0.327612916190D-05
  0.112438678690D-05 -0.140881061770D-04 -0.492766849369D-05  0.116274652240D-05
 -0.140212661342D-04 -0.885756340416D-05 -0.502272819880D-05  0.629103223868D-05
 -0.479650096649D-05 -0.485370792713D-05  0.631885661597D-05 -0.494395574035D-05
  0.154907328499D-04  0.151159750571D-06  0.439122817449D+00 -0.599627047715D-02
 -0.270640656444D-03  0.360119022040D-01 -0.599515313490D-02 -0.237348444847D-03
  0.344081340371D-01 -0.599459081997D-02 -0.290532446092D-03  0.314590745977D-01
 -0.600303830173D-02 -0.207568389704D-03  0.378492913298D-01 -0.683193607604D-02
 -0.367856922691D-02 -0.697254773512D-02 -0.688654666119D-02 -0.365977959004D-02
 -0.691370551889D-02 -0.177633396434D-01 -0.765662365189D-04 -0.266834940363D-04
  0.112387089728D+00  0.860174490481D-03  0.857174869881D-03 -0.836657170235D-03
  0.864207913962D-03  0.862361763955D-03 -0.692235257178D-03  0.866721967952D-03
  0.866514764309D-03 -0.429623792749D-03  0.857803959161D-03  0.853548519150D-03
 -0.945493046475D-03  0.126811209512D-02  0.236400255279D-03  0.126935417370D-02
  0.126366110322D-02  0.236730639716D-03  0.127332169728D-02  0.865553607574D-03
 -0.892769678369D-05  0.281003855650D-05 -0.439139035503D-02  0.286779776432D-01
  0.151609273211D-02 -0.743573427538D-03 -0.345164303599D-01  0.155675031395D-02
 -0.730629966187D-03 -0.343287024576D-01  0.155969462835D-02 -0.733405988121D-03
  0.366387111966D-01  0.154047710975D-02 -0.753409718871D-03  0.364132272893D-01
 -0.486019656229D-02  0.662420048548D-02 -0.476882852756D-02 -0.483614719618D-02
  0.652758262453D-02 -0.481789441263D-02  0.157811066472D-02  0.391645510611D-04
 -0.212770835388D-05 -0.496893212495D-03  0.116180906081D-03  0.815445175732D-01
$end
