$hessian (projected)
 1  1   0.0909523227   0.0000084319   0.0000017137  -0.0234698237   0.0000012300
 1  2   0.0000020458  -0.0646049977  -0.0000087247   0.0000046194   0.0295569879
 1  3   0.0000008631   0.0000017269  -0.0646072229   0.0000037087  -0.0000055283
 1  4   0.0295588968  -0.0000015359  -0.0000020798  -0.0051513216  -0.0000026194
 1  5  -0.0000000886   0.0064582183  -0.0000001443   0.0000001007  -0.0051512881
 1  6  -0.0000009180  -0.0000010631   0.0064582283  -0.0000002915  -0.0000014467
 2  1   0.0000084319   0.4740714648  -0.0967097498  -0.0000013463  -0.0171429580
 2  2   0.0459971785  -0.0000080011  -0.2962025237   0.1019874712  -0.0000025166
 2  3  -0.0761523765  -0.0273272030   0.0000050115  -0.1302333160  -0.0269514101
 2  4  -0.0000013408   0.0507283709  -0.0309569825  -0.0000005445  -0.0031207399
 2  5   0.0112504074   0.0000001536  -0.0054653917  -0.0040216851   0.0000005091
 2  6   0.0085440955   0.0302900971  -0.0000003569  -0.0050266253  -0.0035581237
 3  1   0.0000017137  -0.0967097498   0.5857542015  -0.0000016507   0.0459972455
 3  2  -0.0702638711   0.0000092021   0.0688830432  -0.1735637240  -0.0000000355
 3  3   0.0423105043   0.0843861284  -0.0000095419   0.0061546581  -0.3395300187
 3  4  -0.0000016668  -0.1005964787  -0.0424938187   0.0000007904   0.0370263871
 3  5  -0.0154433513  -0.0000003424  -0.0033053677  -0.0006496219   0.0000004170
 3  6   0.0045145829  -0.0271082371   0.0000011140  -0.0042748248  -0.0010876871
 4  1  -0.0234698237  -0.0000013463  -0.0000016507   0.0909542312  -0.0000064753
 4  2  -0.0000038846   0.0295590617   0.0000029283   0.0000029528  -0.0646083236
 4  3  -0.0000038255   0.0000060490   0.0295575546  -0.0000010139  -0.0000018760
 4  4  -0.0646065527   0.0000059405  -0.0000038432   0.0064583002   0.0000002585
 4  5   0.0000013378  -0.0051513663   0.0000003985   0.0000007738   0.0064582855
 4  6   0.0000004341  -0.0000001150  -0.0051513668   0.0000027010   0.0000002559
 5  1   0.0000012300  -0.0171429580   0.0459972455  -0.0000064753   0.4740730156
 5  2  -0.0967091219   0.0000006775   0.0507281071  -0.0309569846  -0.0000039471
 5  3  -0.1302335952  -0.0269516373   0.0000028276  -0.0761520977  -0.0273272842
 5  4   0.0000054426  -0.2962041870   0.1019873316   0.0000005226  -0.0050266216
 5  5  -0.0035581289  -0.0000005907   0.0085442401   0.0302898826  -0.0000000898
 5  6  -0.0054653767  -0.0040216649   0.0000004025  -0.0031205265   0.0112503621
 6  1   0.0000020458   0.0459971785  -0.0702638711  -0.0000038846  -0.0967091219
 6  2   0.5857548540   0.0000026877  -0.1005963460  -0.0424935223   0.0000082237
 6  3   0.0061539929  -0.3395310809  -0.0000004540   0.0423103712   0.0843859208
 6  4  -0.0000076080   0.0688834668  -0.1735640768  -0.0000007813  -0.0042748562
 6  5  -0.0010876487   0.0000001249   0.0045146003  -0.0271079484   0.0000001609
 6  6  -0.0033053854  -0.0006496464  -0.0000005151   0.0370260998  -0.0154429802
 7  1  -0.0646049977  -0.0000080011   0.0000092021   0.0295590617   0.0000006775
 7  2   0.0000026877   0.1539703758   0.0000065327  -0.0000311562  -0.0800422186
 7  3   0.0000024392   0.0000047931   0.0005741814  -0.0000017598   0.0000029520
 7  4  -0.0158931905   0.0000000030  -0.0000018745  -0.0409968905   0.0000009082
 7  5   0.0000162951   0.0047484073  -0.0000012477  -0.0000009628   0.0122458545
 7  6   0.0000005555  -0.0000009543   0.0004394166  -0.0000001075  -0.0000009823
 8  1  -0.0000087247  -0.2962025237   0.0688830432   0.0000029283   0.0507281071
 8  2  -0.1005963460   0.0000065327   0.6389153658  -0.0044737672   0.0000030355
 8  3  -0.2619583881  -0.0282209469  -0.0000050647   0.0291797765   0.0990083616
 8  4   0.0000004505  -0.0884114830  -0.0024829519  -0.0000008945  -0.0578595245
 8  5  -0.0180452129   0.0000011315  -0.0155703304  -0.0137316381   0.0000001951
 8  6   0.0029950117  -0.0000433725   0.0000004103  -0.0018160113  -0.0002971694
 9  1   0.0000046194   0.1019874712  -0.1735637240   0.0000029528  -0.0309569846
 9  2  -0.0424935223  -0.0000311562  -0.0044737672   0.7725819907   0.0000003477
 9  3  -0.1087488647  -0.1828658952   0.0000008828   0.0469594174  -0.0551060026
 9  4   0.0000024564  -0.0024829620  -0.0001051614   0.0000185847  -0.0186412172
 9  5  -0.3277338960   0.0000002425   0.0170962977   0.0125413879   0.0000006839
 9  6  -0.0021338026  -0.0042049666   0.0000003859   0.0013944120   0.0009497896
10  1   0.0295569879  -0.0000025166  -0.0000000355  -0.0646083236  -0.0000039471
10  2   0.0000082237  -0.0800422186   0.0000030355   0.0000003477   0.1539730788
10  3   0.0000082087  -0.0000158239  -0.0158917854  -0.0000004431   0.0000021552
10  4   0.0005752275   0.0000033167  -0.0000000052   0.0047484724   0.0000014237
10  5   0.0000006362  -0.0409967324  -0.0000094849   0.0000065171   0.0004394116
10  6  -0.0000000899   0.0000000357   0.0122458818   0.0000004970  -0.0000020510
11  1   0.0000008631  -0.0761523765   0.0423105043  -0.0000038255  -0.1302335952
11  2   0.0061539929   0.0000024392  -0.2619583881  -0.1087488647   0.0000082087
11  3   0.7352772355  -0.0601270644   0.0000007462  -0.0243347124  -0.0394841723
11  4   0.0000016169   0.0291799645   0.0469592213   0.0000013854   0.0069685412
11  5   0.0040808424  -0.0000112232  -0.2761325909   0.1074046697  -0.0000004364
11  6   0.0007331047  -0.0000777783   0.0000002256  -0.0033471830   0.0015286490
12  1   0.0000017269  -0.0273272030   0.0843861284   0.0000060490  -0.0269516373
12  2  -0.3395310809   0.0000047931  -0.0282209469  -0.1828658952  -0.0000158239
12  3  -0.0601270644   0.6762181790  -0.0000013470  -0.0394841467  -0.0641822837
12  4  -0.0000030460   0.0990079563  -0.0551055529   0.0000017380  -0.0267462955
12  5  -0.0099972008   0.0000070048   0.1079999166  -0.1094597435  -0.0000008733
12  6  -0.0017694379  -0.0015999211  -0.0000002217   0.0036188587   0.0021373707
13  1  -0.0646072229   0.0000050115  -0.0000095419   0.0295575546   0.0000028276
13  2  -0.0000004540   0.0005741814  -0.0000050647   0.0000008828  -0.0158917854
13  3   0.0000007462  -0.0000013470   0.1539729006  -0.0000139383   0.0000178149
13  4  -0.0800426711  -0.0000015818   0.0000002114   0.0122459176  -0.0000004796
13  5   0.0000018456   0.0004394895   0.0000002911  -0.0000000090  -0.0409968509
13  6   0.0000138689  -0.0000086111   0.0047484866  -0.0000016808  -0.0000007917
14  1   0.0000037087  -0.1302333160   0.0061546581  -0.0000010139  -0.0761520977
14  2   0.0423103712  -0.0000017598   0.0291797765   0.0469594174  -0.0000004431
14  3  -0.0243347124  -0.0394841467  -0.0000139383   0.7352772531  -0.0601277666
14  4  -0.0000010466  -0.2619588344  -0.1087487329  -0.0000003572  -0.0033472663
14  5   0.0015287111   0.0000003012   0.0007330918  -0.0000778038   0.0000160749
14  6  -0.2761326013   0.1074045096  -0.0000015259   0.0069687067   0.0040807826
15  1  -0.0000055283  -0.0269514101  -0.3395300187  -0.0000018760  -0.0273272842
15  2   0.0843859208   0.0000029520   0.0990083616  -0.0551060026   0.0000021552
15  3  -0.0394841723  -0.0641822837   0.0000178149  -0.0601277666   0.6762171858
15  4  -0.0000053162  -0.0282208411  -0.1828656666   0.0000004205   0.0036189417
15  5   0.0021373669   0.0000009617  -0.0017694959  -0.0015999017  -0.0000098101
15  6   0.1079997655  -0.1094594523  -0.0000017739  -0.0267460986  -0.0099971479
16  1   0.0295588968  -0.0000013408  -0.0000016668  -0.0646065527   0.0000054426
16  2  -0.0000076080  -0.0158931905   0.0000004505   0.0000024564   0.0005752275
16  3   0.0000016169  -0.0000030460  -0.0800426711  -0.0000010466  -0.0000053162
16  4   0.1539716031  -0.0000054800   0.0000300901   0.0004393528   0.0000001407
16  5   0.0000008371   0.0122457982  -0.0000002517   0.0000007423   0.0047483999
16  6   0.0000013861   0.0000011879  -0.0409968639  -0.0000009178  -0.0000176769
17  1  -0.0000015359   0.0507283709  -0.1005964787   0.0000059405  -0.2962041870
17  2   0.0688834668   0.0000000030  -0.0884114830  -0.0024829620   0.0000033167
17  3   0.0291799645   0.0990079563  -0.0000015818  -0.2619588344  -0.0282208411
17  4  -0.0000054800   0.6389174518  -0.0044738732  -0.0000003895  -0.0018160642
17  5  -0.0002970940  -0.0000000637   0.0029950482  -0.0000434271  -0.0000012128
17  6  -0.0155704517  -0.0137318190   0.0000010036  -0.0578598150  -0.0180449280
18  1  -0.0000020798  -0.0309569825  -0.0424938187  -0.0000038432   0.1019873316
18  2  -0.1735640768  -0.0000018745  -0.0024829519  -0.0001051614  -0.0000000052
18  3   0.0469592213  -0.0551055529   0.0000002114  -0.1087487329  -0.1828656666
18  4   0.0000300901  -0.0044738732   0.7725821688  -0.0000005382   0.0013944562
18  5   0.0009498103  -0.0000005697  -0.0021338500  -0.0042049081  -0.0000003976
18  6   0.0170963598   0.0125412548  -0.0000209933  -0.0186409785  -0.3277340493
19  1  -0.0051513216  -0.0000005445   0.0000007904   0.0064583002   0.0000005226
19  2  -0.0000007813  -0.0409968905  -0.0000008945   0.0000185847   0.0047484724
19  3   0.0000013854   0.0000017380   0.0122459176  -0.0000003572   0.0000004205
19  4   0.0004393528  -0.0000003895  -0.0000005382   0.0265341059   0.0000001823
19  5  -0.0000204670  -0.0019910127   0.0000000673  -0.0000000291   0.0005056822
19  6   0.0000000669   0.0000000895  -0.0027926062  -0.0000000388   0.0000001925
20  1  -0.0000026194  -0.0031207399   0.0370263871   0.0000002585  -0.0050266216
20  2  -0.0042748562   0.0000009082  -0.0578595245  -0.0186412172   0.0000014237
20  3   0.0069685412  -0.0267462955  -0.0000004796  -0.0033472663   0.0036189417
20  4   0.0000001407  -0.0018160642   0.0013944562   0.0000001823   0.0634494066
20  5   0.0059133154   0.0000000835   0.0002281013   0.0007633932   0.0000000533
20  6   0.0001490302   0.0010480168   0.0000000487   0.0003751372  -0.0001021414
21  1  -0.0000000886   0.0112504074  -0.0154433513   0.0000013378  -0.0035581289
21  2  -0.0010876487   0.0000162951  -0.0180452129  -0.3277338960   0.0000006362
21  3   0.0040808424  -0.0099972008   0.0000018456   0.0015287111   0.0021373669
21  4   0.0000008371  -0.0002970940   0.0009498103  -0.0000204670   0.0059133154
21  5   0.3515504814  -0.0000003809  -0.0006242443   0.0001476976   0.0000001663
21  6  -0.0001464513  -0.0003715970  -0.0000001816  -0.0001021449  -0.0001516623
22  1   0.0064582183   0.0000001536  -0.0000003424  -0.0051513663  -0.0000005907
22  2   0.0000001249   0.0047484073   0.0000011315   0.0000002425  -0.0409967324
22  3  -0.0000112232   0.0000070048   0.0004394895   0.0000003012   0.0000009617
22  4   0.0122457982  -0.0000000637  -0.0000005697  -0.0019910127   0.0000000835
22  5  -0.0000003809   0.0265340689   0.0000103614  -0.0000069588  -0.0027925805
22  6  -0.0000000861   0.0000000902   0.0005057096  -0.0000000674  -0.0000001723
23  1  -0.0000001443  -0.0054653917  -0.0033053677   0.0000003985   0.0085442401
23  2   0.0045146003  -0.0000012477  -0.0155703304   0.0170962977  -0.0000094849
23  3  -0.2761325909   0.1079999166   0.0000002911   0.0007330918  -0.0017694959
23  4  -0.0000002517   0.0029950482  -0.0021338500   0.0000000673   0.0002281013
23  5  -0.0006242443   0.0000103614   0.2846275177  -0.1218086463   0.0000000596
23  6  -0.0001087141   0.0001772500  -0.0000000494   0.0001490279  -0.0001464606
24  1   0.0000001007  -0.0040216851  -0.0006496219   0.0000007738   0.0302898826
24  2  -0.0271079484  -0.0000009628  -0.0137316381   0.0125413879   0.0000065171
24  3   0.1074046697  -0.1094597435  -0.0000000090  -0.0000778038  -0.0015999017
24  4   0.0000007423  -0.0000434271  -0.0042049081  -0.0000000291   0.0007633932
24  5   0.0001476976  -0.0000069588  -0.1218086463   0.1303729163  -0.0000000843
24  6   0.0001772505   0.0003317182  -0.0000000898   0.0010480044  -0.0003715966
25  1  -0.0051512881   0.0000005091   0.0000004170   0.0064582855  -0.0000000898
25  2   0.0000001609   0.0122458545   0.0000001951   0.0000006839   0.0004394116
25  3  -0.0000004364  -0.0000008733  -0.0409968509   0.0000160749  -0.0000098101
25  4   0.0047483999  -0.0000012128  -0.0000003976   0.0005056822   0.0000000533
25  5   0.0000001663  -0.0027925805   0.0000000596  -0.0000000843   0.0265340848
25  6  -0.0000150834   0.0000092837  -0.0019909990  -0.0000000697   0.0000004535
26  1  -0.0000009180   0.0085440955   0.0045145829   0.0000004341  -0.0054653767
26  2  -0.0033053854   0.0000005555   0.0029950117  -0.0021338026  -0.0000000899
26  3   0.0007331047  -0.0017694379   0.0000138689  -0.2761326013   0.1079997655
26  4   0.0000013861  -0.0155704517   0.0170963598   0.0000000669   0.0001490302
26  5  -0.0001464513  -0.0000000861  -0.0001087141   0.0001772505  -0.0000150834
26  6   0.2846278011  -0.1218086499  -0.0000001340   0.0002281005  -0.0006242315
27  1  -0.0000010631   0.0302900971  -0.0271082371  -0.0000001150  -0.0040216649
27  2  -0.0006496464  -0.0000009543  -0.0000433725  -0.0042049666   0.0000000357
27  3  -0.0000777783  -0.0015999211  -0.0000086111   0.1074045096  -0.1094594523
27  4   0.0000011879  -0.0137318190   0.0125412548   0.0000000895   0.0010480168
27  5  -0.0003715970   0.0000000902   0.0001772500   0.0003317182   0.0000092837
27  6  -0.1218086499   0.1303731471   0.0000000565   0.0007634111   0.0001477005
28  1   0.0064582283  -0.0000003569   0.0000011140  -0.0051513668   0.0000004025
28  2  -0.0000005151   0.0004394166   0.0000004103   0.0000003859   0.0122458818
28  3   0.0000002256  -0.0000002217   0.0047484866  -0.0000015259  -0.0000017739
28  4  -0.0409968639   0.0000010036  -0.0000209933  -0.0027926062   0.0000000487
28  5  -0.0000001816   0.0005057096  -0.0000000494  -0.0000000898  -0.0019909990
28  6  -0.0000001340   0.0000000565   0.0265341130  -0.0000000244   0.0000222189
29  1  -0.0000002915  -0.0050266253  -0.0042748248   0.0000027010  -0.0031205265
29  2   0.0370260998  -0.0000001075  -0.0018160113   0.0013944120   0.0000004970
29  3  -0.0033471830   0.0036188587  -0.0000016808   0.0069687067  -0.0267460986
29  4  -0.0000009178  -0.0578598150  -0.0186409785  -0.0000000388   0.0003751372
29  5  -0.0001021449  -0.0000000674   0.0001490279   0.0010480044  -0.0000000697
29  6   0.0002281005   0.0007634111  -0.0000000244   0.0634491889   0.0059132609
30  1  -0.0000014467  -0.0035581237  -0.0010876871   0.0000002559   0.0112503621
30  2  -0.0154429802  -0.0000009823  -0.0002971694   0.0009497896  -0.0000020510
30  3   0.0015286490   0.0021373707  -0.0000007917   0.0040807826  -0.0099971479
30  4  -0.0000176769  -0.0180449280  -0.3277340493   0.0000001925  -0.0001021414
30  5  -0.0001516623  -0.0000001723  -0.0001464606  -0.0003715966   0.0000004535
30  6  -0.0006242315   0.0001477005   0.0000222189   0.0059132609   0.3515502626
$end
