$vibrational normal modes
 1  1   0.0749306381  -0.1967930897   0.0018831441   0.3299438547   0.0433071119
 1  2  -0.1862479116   0.0000175701  -0.4023736498  -0.0000068908  -0.0000002052
 1  3  -0.2125588952  -0.0178992947  -0.0000003888   0.0136088062   0.0000015320
 1  4   0.0000065101   0.0000089714  -0.0000027434   0.0000079024   0.0000041512
 1  5   0.0000043267  -0.0000008813   0.0000001416  -0.0000008777  -0.0000016592
 1  6   0.0000012013  -0.0000001227  -0.0000002287  -0.0000000601   0.0000000366
 2  1  -0.0377673590  -0.0557264228   0.0049381119   0.0209677949   0.2798860703
 2  2   0.1661443320  -0.0000039525   0.0000027774   0.3939766544  -0.0739152432
 2  3   0.0000029844   0.0000027590  -0.0000043151   0.0000110388  -0.0000066207
 2  4   0.2839880769   0.1830950855   0.0374748474   0.0320912317   0.2174437187
 2  5   0.0203610897  -0.0400071452   0.0486890624  -0.0665096837  -0.1782121515
 2  6   0.1093657601  -0.0005638082   0.0004908736  -0.0001642857  -0.0006044278
 3  1   0.1858944476   0.0947632194   0.3104419516  -0.0028015972  -0.0423192163
 3  2  -0.0523065325   0.0000018609  -0.0000013141   0.2274495878   0.1280256047
 3  3   0.0000017232   0.0000004742   0.0000063582   0.0000038015  -0.0000066550
 3  4   0.1639575615   0.1056983560  -0.0649040889   0.0185300021  -0.3766364613
 3  5   0.0117564626   0.0692956497  -0.0843267480  -0.0384027846   0.3087111514
 3  6   0.0631277882   0.0009762388   0.0002835389   0.0002845463  -0.0003492088
 4  1   0.0870531963  -0.0905933259   0.0021340333  -0.0534647497  -0.2675593179
 4  2   0.3861605424   0.0000171003  -0.4023684845  -0.0000056900  -0.0000004964
 4  3   0.2125620190  -0.0179059480   0.0000003013  -0.0136093301   0.0000004398
 4  4  -0.0000058054   0.0000080463   0.0000037688  -0.0000072233  -0.0000015916
 4  5   0.0000036512  -0.0000010611  -0.0000000645   0.0000007800   0.0000006973
 4  6   0.0000006185  -0.0000000476   0.0000002148   0.0000000642   0.0000000155
 5  1   0.1730928939   0.0490347470  -0.0015820574   0.0179047282   0.2331145035
 5  2   0.1083258681   0.0000028394  -0.0000010694  -0.3939755712   0.0739149255
 5  3   0.0000021775  -0.0000014959  -0.0000035381   0.0000122769   0.0000132908
 5  4   0.2839625363  -0.1831341666   0.0374748478   0.0320918711   0.2174434297
 5  5  -0.0203601956   0.0400079581   0.0486885031  -0.0665084018   0.1782133237
 5  6  -0.1093677114   0.0005637231   0.0004909640  -0.0001643549   0.0006044307
 6  1  -0.1793574284  -0.0867037119   0.3217361825   0.0025033218   0.0386976944
 6  2   0.0478479252  -0.0000007645  -0.0000005200  -0.2274487348  -0.1280254474
 6  3   0.0000017336   0.0000006483   0.0000062746   0.0000054100   0.0000079091
 6  4   0.1639427276  -0.1057217777  -0.0649034988   0.0185305105  -0.3766362576
 6  5  -0.0117556801  -0.0692968428  -0.0843253910  -0.0384035782  -0.3087110256
 6  6  -0.0631290264  -0.0009761938   0.0002834934   0.0002846604   0.0003492284
 7  1  -0.0020346432   0.0135861864  -0.0000005911   0.4162087308  -0.0753531194
 7  2   0.0494863843  -0.1679120336   0.2046673947   0.0000018899  -0.0000002439
 7  3   0.1827225983   0.0521531969  -0.0756456017  -0.0902421041   0.1145632854
 7  4   0.0000145640   0.0000117462   0.0000008956  -0.0000056806  -0.0000216401
 7  5  -0.0000030731  -0.0000001789  -0.0000035759   0.0000044814   0.0000093008
 7  6  -0.0000010357  -0.0000024579   0.0000024396   0.0000023348  -0.0000026029
 8  1  -0.1322707079  -0.1026869959   0.0078604396   0.0223431709   0.3008562793
 8  2   0.1920433824  -0.0000001638  -0.0000064062   0.1500629786   0.1037390030
 8  3  -0.0000017890  -0.0000008506   0.0000077048   0.0000017145  -0.0000066773
 8  4  -0.0784316055   0.0156770427   0.0669520248  -0.0702533450  -0.3874309575
 8  5  -0.0655426086  -0.0267070574   0.0784431390   0.1250022880   0.2561392949
 8  6  -0.2619468656   0.0016306239  -0.0003555017  -0.0045181073   0.0037382467
 9  1   0.0089086627   0.0068427006   0.3159144179  -0.0002164796  -0.0030610777
 9  2  -0.0037793331  -0.0000042743   0.0000126171  -0.1812182946   0.3343688095
 9  3   0.0000084478  -0.0000018040  -0.0000024846  -0.0000079931  -0.0000152733
 9  4  -0.1799367087   0.2679727064   0.1033642850   0.1324045492   0.0663827914
 9  5   0.0317028160  -0.0089587826   0.0791364638  -0.0539407549  -0.1604344157
 9  6  -0.0672580915   0.0418173366  -0.0431282926  -0.0438737212   0.0453803220
10  1   0.0039930423   0.0663897030   0.0001241589   0.2255724061  -0.2299199807
10  2   0.3340953259   0.1678943069   0.2047054753   0.0000042631   0.0000041464
10  3  -0.1827195840   0.0521586927  -0.0756483660   0.0902419577  -0.1145631443
10  4  -0.0000136627  -0.0000228873  -0.0000031017  -0.0000010003  -0.0000234574
10  5   0.0000005590   0.0000018621   0.0000008330  -0.0000030992  -0.0000090303
10  6  -0.0000033751   0.0000014916  -0.0000017938   0.0000014845  -0.0000017355
11  1  -0.0274294404  -0.0505923179   0.0046184732   0.0208182279   0.2775949039
11  2   0.1633063333   0.0000028394  -0.0000058874   0.0819062793   0.3414300899
11  3   0.0000001238  -0.0000048842  -0.0000023183  -0.0000125495   0.0000136190
11  4  -0.1950757578  -0.2398795054  -0.1229862355   0.0795482641   0.1362344230
11  5   0.0053217759  -0.0211215632  -0.1077593987   0.0157762281  -0.0108269377
11  6   0.1892317945   0.0370125965  -0.0375088996   0.0402688550  -0.0411824981
12  1  -0.1726960139  -0.0833912323   0.3215301335   0.0024105109   0.0372203166
12  2   0.0460203858   0.0000020895   0.0000103775  -0.2205777291  -0.0773559934
12  3  -0.0000087639   0.0000026058  -0.0000087747   0.0000016726  -0.0000075893
12  4   0.0220650063   0.1204267288  -0.0063058241  -0.1270463054   0.3687205180
12  5   0.0726078674  -0.0186559937  -0.0283775747   0.1352151117   0.3020644294
12  6   0.1931955500  -0.0194922289   0.0212517539  -0.0180363616   0.0194637237
13  1   0.1579907743  -0.3537760886   0.0038930180   0.0509067679   0.0056677911
13  2  -0.1341827218   0.1678937207   0.2047102794   0.0000039824   0.0000028171
13  3   0.1827223075   0.0521530281   0.0756471620  -0.0902373823  -0.1145687388
13  4   0.0000205039  -0.0000271279   0.0000033999  -0.0000000729   0.0000281355
13  5   0.0000003092   0.0000016217   0.0000000432   0.0000027785  -0.0000100684
13  6  -0.0000019622   0.0000021715   0.0000024592  -0.0000022291  -0.0000024048
14  1   0.1627558979   0.0438971187  -0.0012623932   0.0180554567   0.2354091802
14  2   0.1111572019  -0.0000027116   0.0000054049  -0.0819062769  -0.3414301238
14  3  -0.0000006676   0.0000037764  -0.0000010556  -0.0000158862  -0.0000193697
14  4  -0.1950420597   0.2399052106  -0.1229869195   0.0795489575   0.1362337177
14  5  -0.0053198866   0.0211182096  -0.1077598148   0.0157779439   0.0108293985
14  6  -0.1892318715  -0.0370069426  -0.0375105450   0.0402704409   0.0411844633
15  1   0.1792310980   0.0914544798   0.3106479533  -0.0027023939  -0.0408410898
15  2  -0.0504799744  -0.0000019397  -0.0000098344   0.2205768621   0.0773554095
15  3  -0.0000085115  -0.0000031265  -0.0000101813   0.0000034158   0.0000106561
15  4   0.0220469912  -0.1204290884  -0.0063058626  -0.1270446047   0.3687231436
15  5  -0.0726114688   0.0186541817  -0.0283790090   0.1352152833  -0.3020640125
15  6  -0.1931927023   0.0194892625   0.0212526831  -0.0180371677  -0.0194647673
16  1   0.1640184898  -0.3009726410   0.0040177688  -0.1397296251  -0.1488990548
16  2   0.1504261850  -0.1679115318   0.2046625436   0.0000006927   0.0000046835
16  3  -0.1827197724   0.0521583933   0.0756471907   0.0902384427   0.1145663872
16  4  -0.0000243274   0.0000190672  -0.0000030193   0.0000061383   0.0000156728
16  5  -0.0000032118  -0.0000004391   0.0000028578  -0.0000041752   0.0000081765
16  6  -0.0000010954  -0.0000026666  -0.0000026495  -0.0000025130  -0.0000026987
17  1   0.2676002327   0.0959809612  -0.0045042868   0.0165341164   0.2121586560
17  2   0.0823994085   0.0000007310   0.0000049412  -0.1500639623  -0.1037385645
17  3  -0.0000015354   0.0000012886   0.0000081229   0.0000022099   0.0000045838
17  4  -0.0784329951  -0.0156654456   0.0669519045  -0.0702550975  -0.3874278554
17  5   0.0655402924   0.0267099763   0.0784409469   0.1249996723  -0.2561444045
17  6   0.2619504403  -0.0016308192  -0.0003557520  -0.0045179301  -0.0037382531
18  1  -0.0023795886   0.0012321546   0.3162635216  -0.0000555610  -0.0005573708
18  2  -0.0006833004   0.0000027796  -0.0000106120   0.1812182473  -0.3343682682
18  3   0.0000045049   0.0000008480  -0.0000025220  -0.0000049813   0.0000111331
18  4  -0.1799752902  -0.2679475818   0.1033651860   0.1324052677   0.0663814668
18  5  -0.0316998070   0.0089609838   0.0791365637  -0.0539409419   0.1604339283
18  6   0.0672571503  -0.0418158845  -0.0431340070  -0.0438709397  -0.0453790749
19  1  -0.0703640014   0.1437837339  -0.0016543594   0.6429566316  -0.0468858622
19  2   0.0112728264  -0.4709805027   0.3565190107   0.0000125851  -0.0000431904
19  3   0.4404475457  -0.4971205621   0.4942385009   0.4917063994  -0.4866919787
19  4  -0.0000447029  -0.0001093225  -0.0000307305  -0.0000262307   0.0001088759
19  5  -0.0000047297   0.0000087895  -0.0000165261  -0.0000038974   0.0000022266
19  6   0.0000239387   0.0000317506  -0.0000313938  -0.0000311681   0.0000310308
20  1  -0.2957433773  -0.1839151901   0.0129154438   0.0247209528   0.3371264357
20  2   0.2368511659   0.0000014176  -0.0000234678  -0.2421920686  -0.0145852062
20  3  -0.0000186399   0.0000074288  -0.0000038622  -0.0000068562  -0.0000157994
20  4  -0.3525916574   0.2760146606   0.4707316743  -0.4541002661  -0.0046187438
20  5  -0.4924257180   0.4956577295  -0.4706844723  -0.4758982921  -0.2749964938
20  6   0.3959060060  -0.0095736028   0.0087866663   0.0149500784  -0.0157407262
21  1   0.0114060499   0.0080962384   0.3158369028  -0.0002354667  -0.0036141583
21  2  -0.0044682391  -0.0000244548   0.0000237141  -0.1802841223   0.3410336042
21  3   0.0000247419  -0.0000366827   0.0000340805   0.0000278465  -0.0000536067
21  4  -0.1826757294   0.2818393732   0.1020190998   0.1437173907   0.0299612799
21  5   0.0439347050  -0.0182640273   0.1061920752  -0.0455868041  -0.1395692782
21  6  -0.1102983766  -0.4982706411   0.4981434373   0.4977246492  -0.4975702726
22  1  -0.0595133974   0.2388409686  -0.0014297948   0.2997758542  -0.3251357956
22  2   0.5236234747   0.4709507656   0.3566490139   0.0000179812  -0.0000187318
22  3  -0.4405068769  -0.4971033139   0.4942485954  -0.4917027488   0.4866833392
22  4   0.0000731385   0.0001036478   0.0000330937   0.0000113216   0.0000548313
22  5  -0.0000222625  -0.0000136807  -0.0000143169   0.0000175668   0.0000111472
22  6   0.0000076660  -0.0000191539   0.0000189156  -0.0000198681   0.0000192868
23  1  -0.1070098356  -0.0901352687   0.0070793096   0.0219757958   0.2952517513
23  2   0.1851190867  -0.0000066558  -0.0000092362   0.2772542825   0.2880137572
23  3   0.0000037990   0.0000059868  -0.0000125255  -0.0000136314   0.0000124373
23  4  -0.3345524849  -0.3820540895  -0.3237647532  -0.1025911397  -0.0236658171
23  5   0.2082129272   0.2320391590   0.1434474054  -0.2774349425  -0.2583953704
23  6  -0.1024439045  -0.4361159376   0.4355902667  -0.4386792627   0.4389336255
24  1  -0.3155173363  -0.1543421336   0.3259462703   0.0044937328   0.0689001134
24  2   0.0851808177   0.0000095112   0.0000160120   0.1195782953  -0.1831812973
24  3  -0.0000214126  -0.0000211462   0.0000195767  -0.0000465227   0.0000365138
24  4  -0.2139893618  -0.0980543516  -0.3566915691  -0.4650860731   0.0189888242
24  5   0.4484203210   0.4383580130   0.4607475636  -0.3892395447  -0.1683894897
24  6  -0.3979658051   0.2407913049  -0.2413968051   0.2360515541  -0.2352852436
25  1   0.2214971973  -0.5262273172   0.0054469714  -0.0232966379   0.1008836010
25  2  -0.3237108578   0.4709513242   0.3566568153   0.0000087410  -0.0000237363
25  3   0.4404563384  -0.4971174716  -0.4942436537   0.4916821395   0.4867117728
25  4  -0.0000937008   0.0001218060  -0.0000297766  -0.0000043469  -0.0000746368
25  5  -0.0000181230  -0.0000096561   0.0000123863  -0.0000155526   0.0000182261
25  6   0.0000068459  -0.0000272559  -0.0000269944   0.0000280514   0.0000275975
26  1   0.2423395230   0.0834282856  -0.0037231479   0.0169017928   0.2177641081
26  2   0.0893220023   0.0000124176   0.0000079150  -0.2772540446  -0.2880142729
26  3   0.0000068911  -0.0000171606  -0.0000212068  -0.0000088240  -0.0000105776
26  4  -0.3344973398   0.3820980082  -0.3237644867  -0.1025825525  -0.0236746807
26  5  -0.2082128334  -0.2320370812   0.1434559319  -0.2774373708   0.2583969065
26  6   0.1024393165   0.4360521634   0.4356119420  -0.4386988841  -0.4389566929
27  1   0.3220458614   0.1624179313   0.3062316584  -0.0047641204  -0.0725183576
27  2  -0.0896436914  -0.0000091490  -0.0000218857  -0.1195798082   0.1831791293
27  3  -0.0000220428   0.0000210088   0.0000193158  -0.0000494049  -0.0000398728
27  4  -0.2139749562   0.0980833168  -0.3566901368  -0.4650694029   0.0189756518
27  5  -0.4484274083  -0.4383489568   0.4607621912  -0.3892478036   0.1683887574
27  6   0.3979611993  -0.2407562739  -0.2414089646   0.2360624357   0.2352978834
28  1   0.2323478657  -0.4311702347   0.0056715376  -0.3664775507  -0.1773662894
28  2   0.1886396973  -0.4709798903   0.3565115813   0.0000064837  -0.0000404744
28  3  -0.4405065434  -0.4971033373  -0.4942468145  -0.4916894001  -0.4867041928
28  4   0.0000902942  -0.0001237971   0.0000349170   0.0000171538  -0.0001092743
28  5  -0.0000011992   0.0000073887   0.0000155019   0.0000034141   0.0000010878
28  6   0.0000252565   0.0000344392   0.0000342388   0.0000339261   0.0000338732
29  1   0.4310784783   0.1771891448  -0.0095591542   0.0141629760   0.1759085177
29  2   0.0375534102   0.0000000056   0.0000242619   0.2421884722   0.0145853146
29  3  -0.0000176861  -0.0000058253  -0.0000016802  -0.0000026022   0.0000147267
29  4  -0.3526315441  -0.2759600106   0.4707372518  -0.4541183851  -0.0046338103
29  5   0.4924182859  -0.4956659214  -0.4706659539  -0.4758898297   0.2750102328
29  6  -0.3959159810   0.0095735146   0.0087880443   0.0149492796   0.0157404130
30  1  -0.0048880779   0.0000000000   0.3163407660   0.0000000000   0.0000000000
30  2   0.0000000000   0.0000248829  -0.0000227185   0.1802846769  -0.3410331142
30  3   0.0000221888   0.0000388177   0.0000370243   0.0000340516   0.0000523297
30  4  -0.1827166905  -0.2818141431   0.1020201787   0.1437186792   0.0299612215
30  5  -0.0439314329   0.0182669125   0.1061917201  -0.0455877574   0.1395691024
30  6   0.1102974695   0.4982530283   0.4982093609   0.4976912957   0.4975549360
$end
