temp
   0.0000000000

vib
0
0
0
0
0
0
0
0
0
0
0
0
0
0
0
0
0
0
0
0
0
0
0
0

dist
   1.0000000000     0.0000000000     1.0000000000     0.0000000000
   1.0000000000     0.0000000000     1.0000000000     0.0000000000
   1.0000000000     0.0000000000     1.0000000000     0.0000000000
   1.0000000000     0.0000000000     1.0000000000     0.0000000000
   1.0000000000     0.0000000000     1.0000000000     0.0000000000
   1.0000000000     0.0000000000     1.0000000000     0.0000000000
   1.0000000000     0.0000000000     1.0000000000     0.0000000000
   1.0000000000     0.0000000000     1.0000000000     0.0000000000
   1.0000000000     0.0000000000     1.0000000000     0.0000000000
   1.0000000000     0.0000000000     1.0000000000     0.0000000000
   1.0000000000     0.0000000000     1.0000000000     0.0000000000
   1.0000000000     0.0000000000     1.0000000000     0.0000000000
   1.0000000000     0.0000000000     1.0000000000     0.0000000000
   1.0000000000     0.0000000000     1.0000000000     0.0000000000
   1.0000000000     0.0000000000     1.0000000000     0.0000000000
   1.0000000000     0.0000000000     1.0000000000     0.0000000000
   1.0000000000     0.0000000000     1.0000000000     0.0000000000
   1.0000000000     0.0000000000     1.0000000000     0.0000000000
   1.0000000000     0.0000000000     1.0000000000     0.0000000000
   1.0000000000     0.0000000000     1.0000000000     0.0000000000
   1.0000000000     0.0000000000     1.0000000000     0.0000000000
   1.0000000000     0.0000000000     1.0000000000     0.0000000000
   1.0000000000     0.0000000000     1.0000000000     0.0000000000
   1.0000000000     0.0000000000     1.0000000000     0.0000000000

freq
 351.0400000000
 435.2200000000
 613.4400000000
 719.1900000000
 781.6100000000
 804.9900000000
 947.2900000000
 993.9000000000
1007.5700000000
1035.6800000000
1041.1900000000
1091.9300000000
1164.4700000000
1214.8100000000
1254.8400000000
1374.9500000000
1444.2500000000
1515.5800000000
1577.8700000000
1612.5600000000
3147.4500000000
3148.7200000000
3163.3600000000
3169.7700000000

nmodes
24

npoints
500

