 N     7.0         0.42592505371318         0.22030832512102         2.50575200917599   14.00307401
 C     6.0         1.58786076273380         2.07506014275370         1.15263484276215   12.00000000
 H     1.0         2.88486855747263         3.13412490582375         2.14665823524803    1.00782504
 C     6.0        -1.19244127047896        -1.54248437487649         1.50695195623834   12.00000000
 H     1.0        -2.85593106208814        -2.48434831727612         2.71449859300491    1.00782504
 N     7.0         8.72107513496197         3.50978897261558         1.90524261444018   14.00307401
 C     6.0        10.46889049631955         1.68168091293603         2.07685516194998   12.00000000
 H     1.0        10.08948507130055         0.51320237607326         3.65719235086719    1.00782504
 C     6.0         8.84274217885527         5.14188035789860        -0.02710898437130   12.00000000
 H     1.0         7.33778859576886         6.64670906382278         0.10522692564924    1.00782504
 N     7.0        -5.38843458673542         3.55620957059486         6.52201207242662   14.00307401
 C     6.0        -6.57524517072947         5.31013511537484         7.84932161887860   12.00000000
 H     1.0        -7.88252528197127         6.49607432099476         7.50558158200045    1.00782504
 C     6.0        -4.07517797334430         2.08254370593244         7.73850762618899   12.00000000
 H     1.0        -2.56445423987358         0.87199473463112         6.70332092266546    1.00782504
 N     7.0       -13.09764592260471         6.85390515086775         8.19207573813222   14.00307401
 C     6.0       -15.11188462218609         5.57301896298634         7.41559960761024   12.00000000
 H     1.0       -15.06304115783616         4.57965065196819         5.72288395186601    1.00782504
 C     6.0       -13.35538741468750         8.30795284491057        10.19129874720108   12.00000000
 H     1.0       -11.30629041814068         8.82551496895813        11.24287606011032    1.00782504
 N     7.0        -0.55119434044097         0.16445554444341        -2.87198123504270   14.00307401
 C     6.0        -1.80039725643180        -1.45766526722889        -1.36884898338526   12.00000000
 H     1.0        -3.73826068421023        -1.97220939203983        -2.28427448074786    1.00782504
 C     6.0         1.01044703733550         1.91978988954423        -1.62932463011086   12.00000000
 H     1.0         2.16682247448699         3.22403634939441        -2.90479801292853    1.00782504
 N     7.0        -8.51259296579723        -3.79533705947249        -1.39719196270305   14.00307401
 C     6.0       -10.21284318363378        -1.93685282221699        -1.52859199212722   12.00000000
 H     1.0       -10.10231206972212        -0.85674420410618        -3.05646748870986    1.00782504
 C     6.0        -8.71399686941353        -5.52059208230385         0.40366683140253   12.00000000
 H     1.0        -7.26754983174128        -6.90470952627071         0.73589748055136    1.00782504
 N     7.0         4.74878406936411        -3.39482478179438        -6.83864538582672   14.00307401
 C     6.0         5.74659915184645        -5.07716228034902        -8.14880628077881   12.00000000
 H     1.0         6.85389087260092        -6.60619230254011        -7.37224619083859    1.00782504
 C     6.0         3.28137557756569        -1.62400694247596        -8.12759140776122   12.00000000
 H     1.0         2.53104714943236        -0.26235957153125        -6.58747297210357    1.00782504
 N     7.0        13.12127018436709        -7.17798419601754        -7.77875124581300   14.00307401
 C     6.0        15.12536909186272        -5.51978500780577        -7.36075297812280   12.00000000
 H     1.0        14.91309474945712        -3.92229144019263        -6.31303151547880    1.00782504
 C     6.0        13.49933811783003        -8.78462942211837        -9.54931436492604   12.00000000
 H     1.0        12.20354064610983       -10.43437550734269       -10.00681043268136    1.00782504
