  -1.5775802221818446E-004   6.0564728146916736E-005   4.9438632007354142E-005
  -9.4620502496113078E-005  -1.9005984088366884E-004  -2.5061753866046504E-004
   1.1030398760349396E-003  -3.2970295273154461E-004  -1.1305262891318922E-003
   3.7408476862516509E-004   1.5266770394861126E-004  -8.7504421481694091E-005
  -3.0958005116548439E-004   3.4431951818390648E-004   9.7485138979737569E-004
   1.0296740923754932E-004   2.9676524809459337E-005   5.1112068547998180E-004
  -1.3394774854523142E-004   5.6312198624910883E-004  -6.6159637432168755E-004
   2.2877063696919780E-005  -1.0381973524261773E-003   1.8485012764250235E-003
  -6.3494186339680173E-004  -4.6783599013577724E-004  -2.0034273309433894E-005
   1.1158780151438140E-003   7.2226118626314876E-004   5.6126975995189014E-004
   1.5276125361392027E-004  -3.0124439626146276E-004   6.6894397002473238E-004
  -2.7455751689680615E-004  -8.0055450806858577E-005   2.8722986907261033E-004
  -2.6675080571627723E-004   2.4363041920043263E-003   1.0447679785011675E-003
  -1.6975568216909010E-004   2.5510872951900107E-004  -5.7656999212063887E-004
   1.9949349314720768E-003  -2.6387906072060647E-003  -2.8494346367939887E-004
  -4.6017824371668404E-004  -1.1965032260765895E-004  -1.4903743521977293E-004
   3.7812005947230400E-004  -1.7691289048411539E-005   4.8234617431160127E-004
  -5.8170816209902666E-006  -1.8839896528170526E-003   1.2047132449762863E-003
   7.9258747380840449E-004   3.6054119143048228E-004  -1.7558257749164221E-004
  -2.8773006797137026E-003  -8.6165753823344007E-004  -2.2351063737773966E-005
   5.6162819254519552E-005   4.6043639550095885E-004   2.0866537206109398E-004
   3.2443238719923729E-004   1.6542140016908405E-004   9.5860441364372412E-005
  -5.1939688108097921E-004   2.3819205810729389E-003  -5.5408741218894973E-004
  -4.9519463707800105E-004  -5.4304534803199908E-004   5.8649332692865716E-005
  -5.5883828692556488E-004  -4.3047429673945658E-003   1.6230194963759909E-003
  -3.9955345043956209E-004  -1.7479130050770171E-005   3.9853832453283370E-004
   5.6761401889644249E-004  -1.4425567163556602E-004  -3.0188842757650035E-004
   1.5139161190052570E-003  -5.9518416971529489E-004   5.5843809332463607E-004
   6.0256049794546125E-005   2.1491367514780071E-004  -2.4343953308395320E-004
   1.1448538237706489E-004  -9.7559279236922617E-004  -3.1894044495924963E-003
  -2.5722261131251774E-004   8.6353368689251508E-004  -1.9882119303509169E-004
   2.9837203206300826E-004  -2.0231282866660667E-004  -2.8359069684959893E-004
  -2.5126992760911179E-004  -1.4763593093270423E-003  -7.9522681843686917E-004
   5.2387314180598528E-005  -1.7774593770252811E-004   1.2241607792005382E-004
  -5.2421430269460848E-004  -1.9370770880389647E-003  -1.9770169325671288E-003
   3.0245367720368668E-004  -5.5942307215503799E-004  -2.3253879137772950E-004
  -3.4033411234777239E-004  -7.0344810480874745E-005   6.5418881611453879E-004
  -1.0300504057344914E-003   1.7208089658248993E-003  -2.3332092382702074E-005
  -2.0129764651312008E-004   5.3354589682557644E-004  -5.5277983773725640E-004
   4.9950060553269248E-005   9.8797937169260676E-004   1.7802762718352118E-003
