 N     7.0         0.16758439507423         0.25184112218994         2.47988964267878   14.00307401
 C     6.0         1.43914711446615         1.83068601784856         0.94628134217617   12.00000000
 H     1.0         3.01546063451198         2.58424784213707         2.12731399135910    1.00782504
 C     6.0        -1.40502937396796        -1.32981714777502         1.45569185815190   12.00000000
 H     1.0        -2.63150863154627        -2.63963043454006         2.39225279731383    1.00782504
 N     7.0         8.56178061819014         3.55756415012136         1.80676007980714   14.00307401
 C     6.0        10.53531749950087         1.68102244247581         1.98292017214609   12.00000000
 H     1.0        10.34220751833332         0.36340860391416         3.26703941110149    1.00782504
 C     6.0         8.86597441687555         5.28873631662058        -0.15128993724754   12.00000000
 H     1.0         7.04908557722207         6.22550287337065        -0.40782452563144    1.00782504
 N     7.0        -5.25681407716341         3.54988182154771         6.45876096636396   14.00307401
 C     6.0        -6.40410835565397         5.45169001557075         7.77636179285405   12.00000000
 H     1.0        -7.44985894863308         6.91393018627678         6.91614208818434    1.00782504
 C     6.0        -4.15288878409017         1.89687009587383         7.98051945606002   12.00000000
 H     1.0        -3.28899705583113         0.48764323302201         7.07471728600822    1.00782504
 N     7.0       -12.86517895268401         7.12650325020739         8.43722756493029   14.00307401
 C     6.0       -14.83032868331538         5.28292646249114         7.73123577093242   12.00000000
 H     1.0       -14.25259725416061         3.95395343673334         6.40070819110008    1.00782504
 C     6.0       -13.52810034170269         8.80007380690576        10.12556748509183   12.00000000
 H     1.0       -11.90724874710114        10.06061536516474        10.38158577739194    1.00782504
 N     7.0        -0.45025908088324         0.21399076360830        -2.74089927842387   14.00307401
 C     6.0        -1.51570384798237        -1.70197756524272        -1.12966469815117   12.00000000
 H     1.0        -2.10672936194408        -3.38213660305234        -2.26548946962380    1.00782504
 C     6.0         1.02740795165250         2.14384649705454        -1.66278577649527   12.00000000
 H     1.0         1.76189044814202         3.64785247836794        -3.17752927295916    1.00782504
 N     7.0        -8.23323044455354        -3.72775049605362        -1.32545615259205   14.00307401
 C     6.0       -10.43069072002938        -2.01867266406771        -1.63514635300248   12.00000000
 H     1.0        -9.74670155947631        -0.31746106925001        -2.48024584717465    1.00782504
 C     6.0        -8.90030549142581        -5.65904030744522         0.33710334244772   12.00000000
 H     1.0        -8.11986021185727        -7.47622870593088         0.14572831145035    1.00782504
 N     7.0         4.62705473225495        -3.20606443041942        -6.55162003121798   14.00307401
 C     6.0         5.78584115594170        -4.89303182956870        -8.08216121911324   12.00000000
 H     1.0         6.88775525647896        -5.99996093908521        -6.79549101784457    1.00782504
 C     6.0         2.96504311775891        -1.85293793345365        -8.13282237288527   12.00000000
 H     1.0         1.48794627397241        -0.47433677010804        -7.10199324075102    1.00782504
 N     7.0        13.17133299585583        -7.19379772440500        -8.00517632392806   14.00307401
 C     6.0        14.89442661324496        -5.46980633837252        -7.49036341438577   12.00000000
 H     1.0        14.48694337205722        -4.41948714896844        -6.01642675496770    1.00782504
 C     6.0        13.57133177318605        -9.13470253504306        -9.53439428924434   12.00000000
 H     1.0        12.18657648265842       -10.80936532277568        -9.97160335323758    1.00782504
