  -3.3149188826637024E-004   5.9777308161814860E-005   6.8474997633974125E-005
   6.1125593016636646E-004   4.4327899737079399E-004   4.4004219235745715E-005
  -1.9938254677001450E-003  -1.6939077504286521E-003  -5.4589219787755014E-004
   1.4187625572379913E-004  -3.6547925086244615E-004   4.5679977811189634E-004
  -2.1051520645066304E-003  -2.0108125682872418E-003  -3.1176013222846631E-004
   1.1751587870282772E-004  -1.4364987637236843E-004  -4.2949221444156418E-004
  -2.1882143298483211E-004   1.3342957735899109E-004   9.5858226425463253E-004
  -1.3930181130613461E-003   1.0783973892480000E-003  -2.5259443665089955E-003
   1.1175375945100595E-004   1.3725892021497141E-004  -2.3572090347700723E-005
  -5.5907970770450305E-004  -6.5802257586474648E-004  -1.7535551327372714E-003
   6.1132457116894938E-004  -8.0970199133299553E-004  -1.4361361397497780E-004
  -4.6773238931587934E-004   6.4641577292830460E-004  -4.4258747045339649E-004
  -7.2787955504974248E-005  -3.8346632865639374E-003   2.4740738602955273E-003
  -5.6699354978578332E-004   3.8737185740356656E-004  -4.6684563079592929E-004
   4.1513927735463618E-003   2.3841809797063712E-003   2.0794092543617790E-004
  -1.2680348978664702E-004   1.9472333439012320E-004   5.4375381666764769E-004
   7.7429037183747408E-004   3.7456709226159135E-004  -3.2533342313820560E-004
   2.7823041350590885E-004  -9.1581980767188825E-004   4.0218010385796994E-004
   6.4271792726198909E-004  -5.9896325084888923E-005  -3.7591852961491972E-004
  -3.3166577600944416E-003   2.6436442800368762E-004  -1.6460466334107586E-004
  -1.0694604049873776E-004   4.1117735276157688E-004   2.4255509029807914E-004
  -5.4486557152590543E-005  -2.8955696313000002E-004  -1.8072627950162028E-004
   1.1236819912277499E-003   2.0144350990202635E-004  -4.4103764455394410E-004
  -8.7554145810963126E-005   7.4968611329206310E-005  -4.0445145395741111E-004
   3.0619984432734475E-004  -1.8087114716542200E-003  -3.3278925175653093E-004
   7.7288840308347654E-004  -6.3243331392293954E-005  -5.5576224480490401E-004
  -9.0734180917766540E-004  -1.0564307268387203E-004   1.9623468915899400E-004
  -2.0192849000427713E-003  -3.1295288815244371E-003   3.6526223561349079E-003
   2.6724537693724454E-004   4.4907618557403560E-004  -3.0134572145777959E-004
  -2.9575621210966409E-003  -1.5275279699167657E-003  -7.6919318756356447E-005
  -2.3814094984071112E-004   2.3461423039615499E-004   1.6411748684074505E-004
   2.3695879177037792E-004  -8.3834470565222338E-005   3.5840012637466630E-004
   2.1510077910364160E-003  -1.1560313560043313E-003  -4.6003964504215644E-004
  -1.9140243785790428E-004   2.2984113926895450E-005   2.6321411087621219E-004
  -1.0447127469485069E-003   7.8134907913162332E-004   3.3216409984663815E-003
  -3.5165482567580905E-004  -2.9978172673846465E-004  -2.3784184647479393E-004
  -3.0627940320910165E-004  -4.7992522249530436E-005   1.5886229487337806E-004
   1.8211482019758556E-003   1.1976022073973158E-003  -4.8391857868349680E-004
  -1.5797411223948449E-004  -1.8238723201516563E-004   3.6516945987810206E-004
  -1.1976339408781755E-003   1.2017606404628835E-003   5.1988407923104476E-004
