  -9.9360511037879248E-005   3.5079971972085155E-005  -1.5797972197090568E-004
  -4.0791251940031260E-004  -3.9968010800027416E-004   2.0422155985632526E-004
  -7.7103452432387574E-004   4.2695500252686155E-004   1.7400211957769082E-003
   2.0006153807763520E-004  -1.7657423685400095E-005   4.1499845047371933E-004
   1.9125933337764062E-003   2.3510058579815410E-003  -8.9969599608003979E-004
   2.1819502708237125E-004  -1.9109111546283770E-004  -3.0774750409107903E-004
   3.4990745949347737E-005   1.4927286509925234E-004  -1.2186476490272183E-004
   7.5650832438058622E-004   6.4874332798817071E-004   1.5259039139054755E-003
   4.5351485453864196E-004  -8.5288812025257745E-006  -2.0134255640877008E-004
   5.7184167114136852E-004   7.9455696718334885E-005  -1.2926690086155796E-003
   6.4482069193136189E-005   2.3725008021619715E-004   2.9519070348093157E-004
   7.4480504791012421E-005  -4.2945942565060199E-004   3.9013435379243783E-004
   3.4299556044579477E-004  -7.1739976038868102E-004  -1.7278284435332119E-003
  -7.4845180901028646E-005  -3.4480154812185356E-004  -3.3947556613156404E-004
   1.1340505317226411E-003  -4.9084029769091129E-004   1.1848111929395782E-003
  -1.5744621657960052E-004  -5.4582432226442444E-004  -3.4783301067947280E-004
  -1.4005216678805905E-004   1.3321130883470211E-004   2.2743096131559043E-004
   4.2289028407710449E-004   6.5602514613916335E-004   6.7299442222494034E-004
   4.5554227383834921E-004   8.0233205609306168E-005   2.2328820095066370E-004
   1.3252693103758253E-003   1.9106376643496727E-003  -2.2805189917186330E-004
   1.5289336006259790E-004   1.6734010432298740E-004  -6.0248277736614424E-005
  -5.1764604446679836E-005   1.9920287963501383E-004   1.4594029124177861E-004
   1.9506130494131212E-004   2.7932165280925594E-004  -8.5338843143682036E-004
   5.5100401433373330E-005  -3.7855183792121828E-004  -1.9925102295768803E-004
   3.5226229754702033E-004   1.1776701442531015E-003  -2.8226533291750878E-003
  -1.6826345693310744E-004   3.0167076096366109E-004  -1.4239975907847448E-004
  -5.5866624871192580E-005  -3.7747577938761416E-006   1.3982842075938156E-004
  -1.7982311677168801E-003  -1.4039746704599696E-003   1.3458130081376056E-003
  -2.8258442071646959E-006  -1.7058158659926317E-004   6.5931570668892474E-005
  -1.3321102561092738E-003  -5.6879334170453126E-004   8.9656827692469101E-004
   1.4315198471162391E-005  -8.0489088102065839E-005  -2.3823914869364876E-004
  -3.5358577776577882E-004   4.8570811899673727E-004  -5.5517124951242662E-005
   4.2158149464208876E-004  -4.4895316600810124E-004  -1.3704735308150535E-003
   2.0563730642868898E-004   2.8840653251603003E-004  -1.7423316010260821E-004
  -6.4474676530495577E-004  -4.8814312776711006E-004   1.9800610192701815E-004
  -1.3061366504548596E-004   4.8188511949833992E-004   7.2470993375457066E-004
  -6.3508959430669742E-004   1.2607001507208140E-004  -1.4351609692198444E-004
  -8.4951227851909198E-004  -1.3515090177480872E-004   6.1797777885273136E-004
   4.7514459045194628E-004  -5.5483176794203504E-004  -4.8724324904802872E-004
   2.4208581688191203E-004  -1.6105991745641194E-004  -1.3484387283079953E-003
