 N     7.0        -0.08805968734038         0.09809280260065         2.48954045483586   14.00307401
 C     6.0         1.12100954750056         1.76017053829736         1.17292111803110   12.00000000
 H     1.0         1.82824950209300         3.13846755681183         2.38532555528116    1.00782504
 C     6.0        -1.16133524083306        -1.73411307801443         1.09744057094166   12.00000000
 H     1.0        -2.60459621187102        -3.09519156268361         2.30956892076612    1.00782504
 N     7.0         8.63125734765821         3.62287411479979         1.65019897461882   14.00307401
 C     6.0        10.40926498243749         1.94388543342813         1.98314138791899   12.00000000
 H     1.0        10.22306624368381         0.84202761257651         3.71086662882131    1.00782504
 C     6.0         9.20424366668453         5.27930332080931        -0.12705707011241   12.00000000
 H     1.0         7.88806225724527         6.77254538860122        -0.64417588219653    1.00782504
 N     7.0        -5.28564183474857         3.78999444142765         6.64003372954890   14.00307401
 C     6.0        -6.26960345438879         5.46178628337197         8.06507458580582   12.00000000
 H     1.0        -6.98791738439427         6.93159658547344         6.88967414583910    1.00782504
 C     6.0        -3.88025026169170         1.89138857393257         7.67964205150886   12.00000000
 H     1.0        -2.76659840564747         0.51170048526393         6.54961213447649    1.00782504
 N     7.0       -13.22212334888327         6.95015897520820         7.78877961434307   14.00307401
 C     6.0       -15.00788376354003         5.39940655509708         7.64237091109951   12.00000000
 H     1.0       -14.93122093957510         4.01316909608148         6.03678343633574    1.00782504
 C     6.0       -13.32714383233793         8.79192421841523         9.71417681156205   12.00000000
 H     1.0       -11.94812418741968        10.35074504289463         9.86520891274945    1.00782504
 N     7.0        -0.25758175565185         0.36613821483234        -2.95025954211847   14.00307401
 C     6.0        -1.53290349025156        -1.30839211385803        -1.53477398009417   12.00000000
 H     1.0        -2.96805258599752        -2.38273556954079        -2.56252282112577    1.00782504
 C     6.0         1.32635233528929         1.80157424598185        -1.62107612362995   12.00000000
 H     1.0         2.15809253590779         2.88051886644256        -2.82260717256607    1.00782504
 N     7.0        -8.17157311627357        -3.69328801454141        -1.43464909437521   14.00307401
 C     6.0       -10.02205802987282        -1.97777879610177        -1.57412115557120   12.00000000
 H     1.0        -9.90220760765020        -0.37913069162203        -3.12064974455172    1.00782504
 C     6.0        -8.66525861403542        -5.36205164496049         0.46698913102892   12.00000000
 H     1.0        -7.43304250885122        -6.99806038710207         0.99252404521893    1.00782504
 N     7.0         4.86407215883882        -3.48185118362452        -6.90223172605828   14.00307401
 C     6.0         6.14885467441111        -4.91785515615887        -8.35522212009766   12.00000000
 H     1.0         7.82933032700147        -6.10011430283771        -7.72149049071866    1.00782504
 C     6.0         3.35851055112245        -1.75085903675054        -7.96480559461621   12.00000000
 H     1.0         2.02080206320356        -0.79552804577650        -6.59331179633340    1.00782504
 N     7.0        13.24894034690458        -7.36840939870274        -7.34371963256318   14.00307401
 C     6.0        15.09026600917736        -5.55247562475455        -7.33059923774091   12.00000000
 H     1.0        14.78970547665294        -4.18764543834542        -5.79562467906805    1.00782504
 C     6.0        13.74318503855360        -9.32002324247555        -9.22037870694806   12.00000000
 H     1.0        12.27684559624096       -10.81401044332631        -9.77643279574103    1.00782504
