 N     7.0        -0.09701545266033         0.08569565406658         2.52365011584034   14.00307401
 C     6.0         1.11484013922457         1.69452511592371         1.13194735046321   12.00000000
 H     1.0         2.02454927995915         3.29064186324996         2.24586102061817    1.00782504
 C     6.0        -1.11303816916067        -1.69552302764820         1.13028264228312   12.00000000
 H     1.0        -2.45937389209983        -2.63423378756868         1.99344912260281    1.00782504
 N     7.0         8.58222084781465         3.66905328677820         1.75285663658964   14.00307401
 C     6.0        10.38165383802447         1.88217503363088         1.96862584402309   12.00000000
 H     1.0        10.41008808411668         0.46905501248098         3.59370189350268    1.00782504
 C     6.0         9.14752622644186         5.27939411272197        -0.14093788512887   12.00000000
 H     1.0         7.96614988474414         6.91117102709984        -0.51743328186696    1.00782504
 N     7.0        -5.31150078567030         3.77437013397306         6.58384207939903   14.00307401
 C     6.0        -6.33950346647899         5.57938428558970         8.09519982432395   12.00000000
 H     1.0        -7.04849524906399         7.16395139622142         6.79225085056340    1.00782504
 C     6.0        -3.86231663726061         1.94031254811051         7.70325210297405   12.00000000
 H     1.0        -2.53004942715544         0.37243663106883         7.15138823219808    1.00782504
 N     7.0       -13.18562355933105         7.00449144662509         7.81996081527523   14.00307401
 C     6.0       -15.14878108745038         5.37472658353276         7.72435279337345   12.00000000
 H     1.0       -15.01989308838830         4.17398840075277         6.14721442088033    1.00782504
 C     6.0       -13.40442191155374         8.79684581444619         9.68994643434299   12.00000000
 H     1.0       -11.73170940676705        10.40542738464031         9.71114124635189    1.00782504
 N     7.0        -0.24763412646981         0.42242424413556        -2.93760341873095   14.00307401
 C     6.0        -1.57369158504756        -1.42092633708437        -1.55699885627078   12.00000000
 H     1.0        -3.15702405754063        -2.22065843205105        -2.68602874273592    1.00782504
 C     6.0         1.27233829105777         1.78571599857462        -1.61431065403080   12.00000000
 H     1.0         2.60782703936408         3.38632936856971        -2.86497104381508    1.00782504
 N     7.0        -8.19698124639379        -3.67067020319937        -1.47013429798837   14.00307401
 C     6.0        -9.93136169901414        -1.99412229479787        -1.61862050187751   12.00000000
 H     1.0        -9.95342981937577        -0.48268446614224        -2.80974019529092    1.00782504
 C     6.0        -8.67004755629895        -5.34034192382048         0.54136672541415   12.00000000
 H     1.0        -7.50541864620356        -6.92662844955672         0.87316196593174    1.00782504
 N     7.0         4.88473416102696        -3.51799144145068        -6.91033796965006   14.00307401
 C     6.0         6.20861658571566        -4.99089862921789        -8.34242832323754   12.00000000
 H     1.0         7.84347013511019        -6.14148850850475        -7.45403138560178    1.00782504
 C     6.0         3.32109594894256        -1.81306457225592        -7.94853756508528   12.00000000
 H     1.0         2.11154748463263        -0.52546101386723        -6.74762626601743    1.00782504
 N     7.0        13.34619975394726        -7.30990416930263        -7.43474744165232   14.00307401
 C     6.0        15.07774824348918        -5.70892615338224        -7.31549124060303   12.00000000
 H     1.0        14.75698758131634        -4.28035652665427        -5.72768317294360    1.00782504
 C     6.0        13.80643069692490        -9.26585160884707        -9.31144350603779   12.00000000
 H     1.0        12.54328987144077       -10.79005748581048        -9.34079910197256    1.00782504
