   2.6678448100004925E-004   3.7340239791082446E-004   2.6867189911142919E-004
  -2.5722551741475409E-004  -2.7845790701176557E-004  -1.6843669247686724E-004
  -5.5327883829559509E-004  -2.3850078428971663E-003   1.2628510004900151E-003
  -1.0830347930703077E-004   3.2505024656824695E-004  -3.9451267785013639E-004
  -2.1802413517441535E-004  -3.2839380711115190E-004   2.8494700578247144E-003
   1.8221624240073389E-004   2.7169368751045025E-004   8.5579473253493972E-005
  -1.3739684907164738E-004  -2.1905288410493256E-004  -2.6581077083769728E-004
  -8.7852080782607300E-004   1.3554649492454956E-003  -4.0284203383978177E-004
   2.5533478669278981E-004  -6.2727525717338811E-004  -2.7685393615797419E-004
   7.5435563659322807E-004   7.6797723288776580E-004  -1.0735861549803346E-003
  -5.2842784776084903E-005   6.9661272988063953E-005   7.9846290360981780E-005
  -3.5616740162598036E-004   1.8122012088027428E-005  -2.1773915141163935E-004
   8.1761541860660115E-004  -2.4637800200215257E-003   6.5005246836857974E-004
   6.5684130435058523E-005   3.0914800556898302E-004   2.5141924543913008E-004
   2.4483511546328400E-004   1.7467867306166002E-003   7.6346805593646174E-004
  -4.6872388248878207E-004  -6.4200716103556617E-004   3.2293338661731235E-004
  -6.0316930567987295E-005   5.0273257970911837E-004   5.8128886517106967E-004
  -9.9898611489416048E-004  -6.9900536231530660E-004   2.6516648091334463E-004
   4.9740960003744343E-004   2.0842176206677975E-004  -4.4263158221982153E-004
  -2.9442922274651520E-003  -3.3034967391994179E-004   7.9333699569864946E-004
   5.9633424040140440E-005  -2.6417952010917206E-004   1.3481221744913340E-004
   2.8434025706421855E-004  -1.5647856547384718E-004  -2.3382358840753662E-004
  -1.4596089458425276E-003  -5.2501887465986920E-004  -2.2783636929063727E-003
   2.9095770450790346E-004   4.8927399131041063E-004   4.2756205947076640E-004
  -4.7855205274869323E-003  -2.9380947563338870E-003  -6.8363698699434644E-004
   2.1984202400063832E-004  -1.1550979608635804E-004  -1.3491497207837860E-004
  -3.5530114583305091E-004   1.5938074006332411E-004   2.1551577712249835E-004
   3.0558547383564469E-004   1.7154804121334380E-003   2.8778752691697627E-004
   1.4072128985635337E-004   2.8689486422501549E-004  -2.7570831354120598E-005
  -6.8862867231153754E-004  -1.7071759063305065E-003   6.3855531587303266E-004
   3.1228314419593769E-004  -7.1658461978956923E-006  -4.9837993844302118E-004
   1.4389373830180132E-005  -2.8225136644776503E-005   3.9297533264739986E-004
  -1.6757052292504611E-003  -6.5350557411187650E-004  -7.8103455471819857E-004
   1.0049299485938695E-005  -1.7476119383874540E-004  -3.9023952212381485E-004
   1.7417411038220751E-003  -1.0320151308006351E-003   5.7360050036874672E-004
  -1.5279774219431296E-004   1.0490644917352033E-004  -2.2362758379593516E-004
   1.7472887647409851E-004  -1.9144506742301131E-004   7.0795087483553924E-004
  -1.1836355415370814E-003  -1.7533617159055598E-003  -1.3367008633802188E-003
   2.8580568333305575E-004   5.4271032282921514E-004  -8.4198429873057201E-004
   1.7937363070309419E-003  -3.3001203352009873E-003   7.4294557332898895E-004
