 N     7.0        -0.09238854544244         0.09722534101071         2.49825188301511   14.00307401
 C     6.0         1.10906811006864         1.72571832728541         1.16522235147948   12.00000000
 H     1.0         1.87799639879489         3.16088950619393         2.35906120423619    1.00782504
 C     6.0        -1.12930327868220        -1.71569972650299         1.11576462595333   12.00000000
 H     1.0        -2.59957045992823        -2.92631397795059         2.24039247462378    1.00782504
 N     7.0         8.61645896263880         3.63680660065575         1.68737419760760   14.00307401
 C     6.0        10.39594892938249         1.92367133846848         1.97018899683490   12.00000000
 H     1.0        10.30635905901929         0.68377439684740         3.73381240431261    1.00782504
 C     6.0         9.19326699127339         5.28059158766571        -0.13786614873329   12.00000000
 H     1.0         7.96757646910668         6.79970975842561        -0.61814371760519    1.00782504
 N     7.0        -5.29701761962206         3.79477537323634         6.62701764244631   14.00307401
 C     6.0        -6.29122598151334         5.49067206961499         8.08891168145010   12.00000000
 H     1.0        -7.02073438145901         7.04341506536481         6.76699017255425    1.00782504
 C     6.0        -3.87641607222336         1.90676426968936         7.68340631070133   12.00000000
 H     1.0        -2.61933523752024         0.39416393299932         6.77856801738002    1.00782504
 N     7.0       -13.21825407656869         6.95319413580950         7.79226508459123   14.00307401
 C     6.0       -15.05464096162873         5.39810546325665         7.67610463211474   12.00000000
 H     1.0       -14.95605438076266         4.08972561259872         6.08611572766289    1.00782504
 C     6.0       -13.35462432668676         8.78959004537636         9.70818969939431   12.00000000
 H     1.0       -11.73604073235592        10.52380352142286         9.81112770645260    1.00782504
 N     7.0        -0.25127850254771         0.39358058807575        -2.94741080700240   14.00307401
 C     6.0        -1.55980459390044        -1.35689219495558        -1.55046079361002   12.00000000
 H     1.0        -2.91637145657099        -2.22833124584082        -2.53606559476319    1.00782504
 C     6.0         1.31904693298966         1.80525729995900        -1.63675528416928   12.00000000
 H     1.0         2.18440348834493         2.90626090220904        -2.75633328447421    1.00782504
 N     7.0        -8.18276942986591        -3.67816061452292        -1.45326367889149   14.00307401
 C     6.0        -9.99440978156330        -1.98781195415830        -1.58083082856268   12.00000000
 H     1.0        -9.96111598562995        -0.37697973219415        -3.02586660923753    1.00782504
 C     6.0        -8.66465402726311        -5.35817759265488         0.49829818010977   12.00000000
 H     1.0        -7.51867365413956        -6.96661463918012         0.97212580084177    1.00782504
 N     7.0         4.87480205396355        -3.50163993703761        -6.91352092190184   14.00307401
 C     6.0         6.15228682644607        -4.92399971378393        -8.34695151839293   12.00000000
 H     1.0         7.93384125075069        -6.19977947401676        -7.61158561631538    1.00782504
 C     6.0         3.35332918601220        -1.77563361051257        -7.97121460584624   12.00000000
 H     1.0         1.99288901879946        -0.65073306634842        -6.57903339244163    1.00782504
 N     7.0        13.28226493978893        -7.33521769335212        -7.36541273064890   14.00307401
 C     6.0        15.07691835256163        -5.61527308408415        -7.33279434223526   12.00000000
 H     1.0        14.73610033032513        -4.15605653900300        -5.66587314712382    1.00782504
 C     6.0        13.76723718677351        -9.31852455205276        -9.26429175941547   12.00000000
 H     1.0        12.46145569831058       -10.73720239339009        -9.62527890397326    1.00782504
