 N     7.0         0.00173795554452         0.04064796970032         2.34659166237167   14.00307401
 C     6.0         1.11622016154740         1.89748961303146         1.18787763157891   12.00000000
 H     1.0         2.48555989465251         3.01215974027382         2.11018118646821    1.00782504
 C     6.0        -1.42105593900284        -1.51235561928583         1.14513786411866   12.00000000
 H     1.0        -1.85020300127087        -3.42061874743093         2.20185694971694    1.00782504
 N     7.0         8.62255439926634         3.59877569733795         1.53509856716814   14.00307401
 C     6.0        10.60231861340165         1.99415087743697         2.08273334806524   12.00000000
 H     1.0        10.52080121248556         0.51736896394327         3.60207740194459    1.00782504
 C     6.0         8.96575649826634         5.38270734184593        -0.36293672924470   12.00000000
 H     1.0         7.52508548083391         6.79566065992683        -0.64858206622297    1.00782504
 N     7.0        -5.31497928120933         3.79605339823772         6.47554180219449   14.00307401
 C     6.0        -6.29202474036023         5.58007047713479         7.90983063658871   12.00000000
 H     1.0        -7.60800959516656         6.91123396585196         6.87762486939390    1.00782504
 C     6.0        -3.90732481067576         1.91164715296852         7.60122852773119   12.00000000
 H     1.0        -3.13180942392764         0.08783828752369         7.25064133287557    1.00782504
 N     7.0       -13.11494411607529         6.98917325397273         7.90597190447684   14.00307401
 C     6.0       -15.02325553252725         5.35913529502997         7.84646744002464   12.00000000
 H     1.0       -14.81429172079047         3.99624381890781         6.30545227858616    1.00782504
 C     6.0       -13.63479319616794         8.68164460316762         9.70465179929957   12.00000000
 H     1.0       -11.88513127739474        10.24729100696058        10.20135677607066    1.00782504
 N     7.0        -0.06468871587881         0.23051604920574        -2.74374303272631   14.00307401
 C     6.0        -1.68038094840916        -1.53914840327512        -1.69313982770544   12.00000000
 H     1.0        -2.71443789208388        -2.65279964744431        -2.83946076951483    1.00782504
 C     6.0         1.20792336685524         1.94526831729839        -1.47246287960883   12.00000000
 H     1.0         2.94031781080243         2.82363495586492        -2.24843489629766    1.00782504
 N     7.0        -8.17444779607320        -3.70658288907355        -1.35806044546494   14.00307401
 C     6.0        -9.83899734956955        -1.91540710719619        -1.73928947079983   12.00000000
 H     1.0        -9.43422584095852        -0.28438857759401        -3.14762085173145    1.00782504
 C     6.0        -8.54141567068075        -5.52204706488328         0.47097976191436   12.00000000
 H     1.0        -7.26716682983222        -7.15730615657518         0.68228215904983    1.00782504
 N     7.0         5.03222112617701        -3.41607446251303        -6.95139650189914   14.00307401
 C     6.0         6.21902918598847        -5.00263568293748        -8.17315028496780   12.00000000
 H     1.0         7.96752579155367        -6.32397175285483        -7.22783870149825    1.00782504
 C     6.0         3.30295223549557        -1.86791215177802        -7.99695568548524   12.00000000
 H     1.0         2.23039028003874        -0.25909810591272        -6.91167998556684    1.00782504
 N     7.0        13.42402138181347        -7.33846389130315        -7.39353939168977   14.00307401
 C     6.0        15.04682661565925        -5.78255015750302        -7.42240798323953   12.00000000
 H     1.0        15.01782867120913        -4.33482541632424        -5.72106135899704    1.00782504
 C     6.0        13.64032735242322        -9.09229164868297        -9.35636705364046   12.00000000
 H     1.0        12.44292233001753       -10.59309214707767        -9.07133725198035    1.00782504
