 N     7.0         0.00512926531161         0.04528515106907         2.34985575130835   14.00307401
 C     6.0         1.11300077361349         1.89405709444029         1.18586427060685   12.00000000
 H     1.0         2.47826002170353         2.98153937858836         2.12502454064967    1.00782504
 C     6.0        -1.42237683955042        -1.50807815982688         1.14030002994505   12.00000000
 H     1.0        -1.85296459965310        -3.42640020962163         2.23804301376691    1.00782504
 N     7.0         8.62475197313867         3.60209454201967         1.53618976819573   14.00307401
 C     6.0        10.60069080865730         1.99144917292578         2.07950081142552   12.00000000
 H     1.0        10.51045047177115         0.53324410386329         3.59727817974084    1.00782504
 C     6.0         8.96875237300884         5.37512204758946        -0.36646173710127   12.00000000
 H     1.0         7.53447862376000         6.80533097291697        -0.66180565855779    1.00782504
 N     7.0        -5.31576017726451         3.79710867501957         6.47653087311895   14.00307401
 C     6.0        -6.29633229158967         5.58028370656192         7.90716487582502   12.00000000
 H     1.0        -7.59846526285978         6.88106123726088         6.88495902686517    1.00782504
 C     6.0        -3.90645966969652         1.91528181922889         7.60416337967523   12.00000000
 H     1.0        -3.12893484779025         0.10969849079535         7.26184984564993    1.00782504
 N     7.0       -13.12074769814536         6.98112789085353         7.90990396804138   14.00307401
 C     6.0       -15.02403131957863         5.36548662497994         7.85390946315641   12.00000000
 H     1.0       -14.82653722585895         3.98767381066956         6.30846207111313    1.00782504
 C     6.0       -13.62897793882258         8.68403896043822         9.69917892885780   12.00000000
 H     1.0       -11.91943412292672        10.24511767455469        10.21186605041220    1.00782504
 N     7.0        -0.06380594993193         0.22732111097972        -2.74208971409983   14.00307401
 C     6.0        -1.67719770457847        -1.54144157950886        -1.69623547808679   12.00000000
 H     1.0        -2.73110765099945        -2.65782026804129        -2.86652806246623    1.00782504
 C     6.0         1.21153472975173         1.95146831829469        -1.46715369128371   12.00000000
 H     1.0         2.88099056341882         2.78668626568197        -2.25622234324308    1.00782504
 N     7.0        -8.17180830824682        -3.70794396146864        -1.35974202563084   14.00307401
 C     6.0        -9.84327202461935        -1.91354756997732        -1.73662503218455   12.00000000
 H     1.0        -9.43027289247058        -0.26158246469623        -3.14524699200689    1.00782504
 C     6.0        -8.53961858497925        -5.51859476241362         0.47071752113588   12.00000000
 H     1.0        -7.27541362316585        -7.17931340270877         0.69036615819319    1.00782504
 N     7.0         5.03629274322857        -3.41638382294430        -6.95776283830251   14.00307401
 C     6.0         6.21896069163777        -5.00264345380343        -8.16807633635567   12.00000000
 H     1.0         7.94881223544841        -6.33362402720237        -7.23648508842177    1.00782504
 C     6.0         3.30303859895761        -1.87023144922746        -8.00185236734514   12.00000000
 H     1.0         2.25111897281922        -0.27027395382370        -6.90404782659606    1.00782504
 N     7.0        13.42258527262934        -7.33672715231677        -7.39619783892714   14.00307401
 C     6.0        15.04855008189872        -5.78546310672734        -7.41389242832997   12.00000000
 H     1.0        15.00304655603654        -4.35585093113327        -5.73626981736790    1.00782504
 C     6.0        13.64387773297529        -9.08567891507889        -9.36702894416477   12.00000000
 H     1.0        12.46616143230237       -10.63298352001405        -9.06162176963055    1.00782504
