 N     7.0        -0.09580534050581         0.08099606056433         2.53698806592478   14.00307401
 C     6.0         1.13072879320819         1.70212858129327         1.11802358313468   12.00000000
 H     1.0         2.07661500016790         3.30470732770877         2.14616993195160    1.00782504
 C     6.0        -1.11347571432473        -1.68865182189198         1.11894954048270   12.00000000
 H     1.0        -2.51715304019086        -2.66342964388672         1.97672952950368    1.00782504
 N     7.0         8.56674386641405         3.68353968550357         1.77704551298592   14.00307401
 C     6.0        10.37906857257068         1.86478979714072         1.97652690866772   12.00000000
 H     1.0        10.41548995190080         0.43898798997063         3.46107375017046    1.00782504
 C     6.0         9.12287788141864         5.27717479540957        -0.13470228521817   12.00000000
 H     1.0         7.92139402850546         6.95898722325436        -0.45456694866871    1.00782504
 N     7.0        -5.31644018348572         3.75961197517352         6.56277734892357   14.00307401
 C     6.0        -6.35623814011471         5.62197221607985         8.07920575262431   12.00000000
 H     1.0        -7.03871321932838         7.15985141688502         6.90561747619971    1.00782504
 C     6.0        -3.85449417648892         1.95476964892111         7.71805113829801   12.00000000
 H     1.0        -2.57349161276277         0.42935657005179         7.22262683586035    1.00782504
 N     7.0       -13.17043610467774         7.03731817258095         7.83890745167026   14.00307401
 C     6.0       -15.17231149376154         5.36414659648414         7.73241934174720   12.00000000
 H     1.0       -15.04788992268572         4.15107697976730         6.11466427277981    1.00782504
 C     6.0       -13.42121944892301         8.80435807081917         9.67896949086549   12.00000000
 H     1.0       -11.89325477695942        10.19401650083237         9.68948808216407    1.00782504
 N     7.0        -0.25177610058494         0.42338589435971        -2.93346916574118   14.00307401
 C     6.0        -1.56873557176416        -1.43846698584120        -1.55952222719423   12.00000000
 H     1.0        -3.28962016863217        -2.26916569100004        -2.74276026549564    1.00782504
 C     6.0         1.25749842273656         1.79015026556960        -1.60301692675873   12.00000000
 H     1.0         2.72153407499790         3.49320410208694        -2.80103810435426    1.00782504
 N     7.0        -8.19541738218928        -3.67906902638996        -1.46963354684842   14.00307401
 C     6.0        -9.91287096314169        -1.99733345205013        -1.63200510345941   12.00000000
 H     1.0        -9.89110297386552        -0.45394418756376        -2.80744122284934    1.00782504
 C     6.0        -8.67509038386847        -5.32706262892176         0.54889557614922   12.00000000
 H     1.0        -7.41819123324302        -6.93856467027689         0.82074938851846    1.00782504
 N     7.0         4.88604894728177        -3.51758381611552        -6.90067673049218   14.00307401
 C     6.0         6.24326348354072        -5.03151163643431        -8.34013943086212   12.00000000
 H     1.0         7.71819095828717        -6.04273219628593        -7.41730167855683    1.00782504
 C     6.0         3.30171637917278        -1.82479187311178        -7.92996410645652   12.00000000
 H     1.0         2.20729819679297        -0.53779046544384        -6.85157165486896    1.00782504
 N     7.0        13.36653840047363        -7.31989863776511        -7.47435316467185   14.00307401
 C     6.0        15.09604041771628        -5.72785305610686        -7.30024385033754   12.00000000
 H     1.0        14.80782527079149        -4.38195094918926        -5.84620547137692    1.00782504
 C     6.0        13.81003716944213        -9.22801962041474        -9.30827111639001   12.00000000
 H     1.0        12.47002268769507       -10.88723676934400        -9.23528061140683    1.00782504
