 N     7.0        -0.08755383577202         0.09778974083333         2.48868927456607   14.00307401
 C     6.0         1.12286394849816         1.76460192481801         1.17310298658383   12.00000000
 H     1.0         1.82536743700566         3.14173009548716         2.38917899815176    1.00782504
 C     6.0        -1.16625088884795        -1.73666870028988         1.09530374576547   12.00000000
 H     1.0        -2.59782426712280        -3.11077094454794         2.31089237209968    1.00782504
 N     7.0         8.63282426185806         3.62136920913890         1.64577498009400   14.00307401
 C     6.0        10.41119695265075         1.94625949115656         1.98500766327284   12.00000000
 H     1.0        10.21301209833501         0.85961934843133         3.70645807368342    1.00782504
 C     6.0         9.20466298201025         5.27936831307890        -0.12560693913437   12.00000000
 H     1.0         7.87630355899410         6.76954590111181        -0.64570459738362    1.00782504
 N     7.0        -5.28401641894725         3.78855454417664         6.64115619338385   14.00307401
 C     6.0        -6.26732750867879         5.45896419710290         8.06173813164537   12.00000000
 H     1.0        -6.98492566273078         6.92046699430402         6.90681572579938    1.00782504
 C     6.0        -3.88071335525797         1.88999455170804         7.67925885740753   12.00000000
 H     1.0        -2.78712568615923         0.52853123506417         6.52319534438552    1.00782504
 N     7.0       -13.22173943866459         6.95105190321589         7.78887306386421   14.00307401
 C     6.0       -15.00311026786490         5.39865904433039         7.63820102305616   12.00000000
 H     1.0       -14.92872712722401         4.00533756247702         6.03296022094893    1.00782504
 C     6.0       -13.32434191751684         8.79216976222574         9.71478172486108   12.00000000
 H     1.0       -11.97756735693839        10.32377807049030         9.87099034081885    1.00782504
 N     7.0        -0.25838659454330         0.36252687263448        -2.95043401417041   14.00307401
 C     6.0        -1.52957799521046        -1.30261047230948        -1.53268612472453   12.00000000
 H     1.0        -2.97665214565113        -2.40381649013348        -2.56695302662325    1.00782504
 C     6.0         1.32586212085747         1.79977977794286        -1.61736060219807   12.00000000
 H     1.0         2.17072858357470         2.89650299151919        -2.84415988907474    1.00782504
 N     7.0        -8.17036760935547        -3.69533963899897        -1.43206734092021   14.00307401
 C     6.0       -10.02458140253544        -1.97616833723840        -1.57436593486007   12.00000000
 H     1.0        -9.89349277556174        -0.38516556867811        -3.12768219216601    1.00782504
 C     6.0        -8.66525173468174        -5.36270486436419         0.46329188650058   12.00000000
 H     1.0        -7.42165145566762        -6.99866904393849         0.99246325132277    1.00782504
 N     7.0         4.86256954289740        -3.47900754766233        -6.90053947146433   14.00307401
 C     6.0         6.14955909792816        -4.91831009409420        -8.35651410997401   12.00000000
 H     1.0         7.81215022068656        -6.08402868246686        -7.73378431532958    1.00782504
 C     6.0         3.35872143047346        -1.74801948459101        -7.96319911026698   12.00000000
 H     1.0         2.02743176860794        -0.81372367949879        -6.59932864050737    1.00782504
 N     7.0        13.24540763655435        -7.37288728439514        -7.34182834719923   14.00307401
 C     6.0        15.09210780080780        -5.54520065178213        -7.33019545348587   12.00000000
 H     1.0        14.79823541526757        -4.19330562457979        -5.81520002437928    1.00782504
 C     6.0        13.73994714889913        -9.31959745297068        -9.21481605321341   12.00000000
 H     1.0        12.25610850871248       -10.81978024453690        -9.79219931513902    1.00782504
