   4.9711908697461975E-005   7.5385249053612475E-005  -1.6978848393018559E-004
   4.2866889032287078E-005   3.5541005424825700E-004   2.3755990098918114E-004
  -1.0944338600895047E-003  -1.0913560291514793E-003   5.0225853973997158E-004
  -2.0311249669269473E-004  -1.7525270384877951E-004  -1.9374247629168462E-004
  -1.2823528583638148E-003  -2.7610460234608267E-003   1.9998543851075753E-003
   2.3571479441645741E-004  -2.2663826768683337E-004  -5.0189566544832473E-004
   1.3921341034091821E-004   2.9926140191919779E-004   7.4473788828210654E-005
  -9.9041620844505553E-004   1.9936827677850982E-003   4.5790053131475745E-004
   3.0445992669137075E-004  -1.4251251766665512E-005   6.8605390186331024E-005
  -3.8499350745018266E-004  -6.6971400326545449E-004  -6.1802006677065318E-004
   1.1651071017842524E-004   9.8023654542907850E-005   2.8777775266091972E-004
   3.6461362982986135E-004  -5.8110527675736198E-004  -1.6812393513148283E-004
   3.5764868019753590E-004  -1.3054657033599120E-003   5.6524454003464982E-004
  -8.6174880057318095E-005  -2.5807325069660323E-004  -1.0349222660423022E-004
  -1.2066405082818341E-003   7.1396949284877975E-004  -3.1492277027110262E-003
  -2.1250925428334459E-004  -2.9447371198637682E-004  -1.5649128510128891E-004
   7.6362859088061085E-004   1.5406858509153868E-004  -4.1675655477725967E-004
   4.5265352458262020E-004  -9.5990119495680383E-004  -7.8226767789752870E-004
   4.0561120278010423E-004  -1.3637117266276376E-005   1.1206789556212084E-004
  -1.2372886411294358E-003  -3.5617665523307004E-004   8.2542622830250394E-004
  -5.6899927584344470E-005  -2.8537215100504369E-004  -6.3980010552258348E-005
   2.1125328253393730E-004   5.5943297548215068E-004   8.8059185449474331E-005
   9.9822597321936159E-004  -7.2531299470325161E-004   7.1170149273588868E-004
   3.4827360502681962E-004   1.8974927162914232E-004  -1.3796841038577135E-004
  -3.2242706108418753E-003  -3.7665602113069185E-003   1.3397840893071644E-003
   1.5032713733461329E-004  -1.2512655356483431E-004   1.7086589845270603E-004
  -4.9641751278064767E-004   6.1743507308768854E-005   2.6495100968347080E-004
   3.2187834158068626E-004   9.1070777173737048E-004  -1.8745113563900216E-003
   5.1111733766668397E-006  -8.2355526631583360E-005  -3.7694270721633032E-004
   5.1508036587201358E-004  -5.8248973188534481E-004   6.4537092978401631E-004
  -9.4803416620483738E-005   1.7202937401624371E-004   3.6978868980894041E-005
  -3.0979285844780658E-004   3.7018481436179622E-004  -4.6602409003203801E-005
  -7.2745838849023496E-005   2.1641609357959244E-004  -1.3810740855991102E-003
   1.8311673531096683E-004   3.1672387412905000E-004  -8.8796057393636388E-005
  -4.7801254369516315E-004  -1.4374023034793570E-003   8.4248882908141112E-004
  -4.9877282425554259E-004  -3.0569351223734445E-004   4.4289638328312417E-004
   7.8960832152401297E-005   8.1980985493224209E-004  -5.8850485020975633E-005
   1.7119750717550021E-004   3.9447661904952496E-004  -3.6899587266087087E-004
  -3.1897496961206867E-004  -2.4570532720745767E-004   4.8412807803381065E-004
  -1.6786137730408310E-003  -5.3045262426448976E-004  -2.2167533457537569E-003
