 N     7.0        -0.09527119203311         0.09309883138635         2.50787649329533   14.00307401
 C     6.0         1.10612216554371         1.70469160682084         1.15192825982002   12.00000000
 H     1.0         1.93941936660746         3.22130656025690         2.33055985355995    1.00782504
 C     6.0        -1.11664425029654        -1.70521212622552         1.12710298726071   12.00000000
 H     1.0        -2.53050172330178        -2.76896813685374         2.12929227503806    1.00782504
 N     7.0         8.60297934721689         3.64976612647203         1.71640926472594   14.00307401
 C     6.0        10.38777594269928         1.90646260187029         1.96545933345173   12.00000000
 H     1.0        10.36429847751758         0.56760599534121         3.71062143054645    1.00782504
 C     6.0         9.17623663327975         5.28149457729601        -0.14217518232886   12.00000000
 H     1.0         7.99262079382287         6.83699719624975        -0.58339656943133    1.00782504
 N     7.0        -5.30385395084385         3.78968862121306         6.61083198049656   14.00307401
 C     6.0        -6.31209045811694         5.52334144718062         8.09920980975796   12.00000000
 H     1.0        -7.04172325660460         7.12005108691101         6.73005865706089    1.00782504
 C     6.0        -3.87155145641594         1.92165501930623         7.68911343914015   12.00000000
 H     1.0        -2.54691447910541         0.34930181939524         6.96079245579901    1.00782504
 N     7.0       -13.20665987231726         6.96919676046326         7.80089940581424   14.00307401
 C     6.0       -15.09824689692837         5.38974389555951         7.70037754411739   12.00000000
 H     1.0       -14.98177986787261         4.14555979587837         6.13085342632632    1.00782504
 C     6.0       -13.37796071879254         8.79021117671819         9.70189618063157   12.00000000
 H     1.0       -11.65773930086050        10.55239517123320         9.76375040948527    1.00782504
 N     7.0        -0.24792112700330         0.41040564509551        -2.94382839288830   14.00307401
 C     6.0        -1.57277612273284        -1.38970048479531        -1.55607707652794   12.00000000
 H     1.0        -2.96582434548578        -2.17992456376214        -2.57178146538509    1.00782504
 C     6.0         1.29995206483416         1.79524622938426        -1.63005604458652   12.00000000
 H     1.0         2.35966075352342         3.11052740388123        -2.82534135807064    1.00782504
 N     7.0        -8.19150176517692        -3.67061575135848        -1.46344552727301   14.00307401
 C     6.0        -9.96618475260050        -1.99167629973865        -1.59547718724783   12.00000000
 H     1.0        -9.98165008050512        -0.42570059840384        -2.92001177438661    1.00782504
 C     6.0        -8.66488823624244        -5.35359243258424         0.52032303402730   12.00000000
 H     1.0        -7.55096186597331        -6.93325596316775         0.93626813569866    1.00782504
 N     7.0         4.88042592490244        -3.51192219163210        -6.91614245287934   14.00307401
 C     6.0         6.16918860064551        -4.94417016713546        -8.34397620196949   12.00000000
 H     1.0         7.94317118084166        -6.21692418998089        -7.53135449832730    1.00782504
 C     6.0         3.34321632661476        -1.79412334156640        -7.96669467116502   12.00000000
 H     1.0         2.01770548165791        -0.56523532229499        -6.62395160593773    1.00782504
 N     7.0        13.31105071263776        -7.31697020576076        -7.39049724198856   14.00307401
 C     6.0        15.07192166832072        -5.66282170275392        -7.32976874122150   12.00000000
 H     1.0        14.72407848241854        -4.17549840876806        -5.63890985209532    1.00782504
 C     6.0        13.78557913216691        -9.30526273299426        -9.29275002915949   12.00000000
 H     1.0        12.56217841778887       -10.70380351454459        -9.49741268954317    1.00782504
