 N     7.0        -0.09651983697771         0.08966293964067         2.51494652490840   14.00307401
 C     6.0         1.10833639811165         1.69697340074820         1.14239386206440   12.00000000
 H     1.0         1.98151358628712         3.25972658459101         2.29855610401132    1.00782504
 C     6.0        -1.11376540306258        -1.70040487167426         1.13094420281574   12.00000000
 H     1.0        -2.48257035668462        -2.68504835219743         2.05407284269475    1.00782504
 N     7.0         8.59332712388285         3.65873283225861         1.73416066464316   14.00307401
 C     6.0        10.38427702386683         1.89502972886742         1.96566454158785   12.00000000
 H     1.0        10.39109186305063         0.51153493441954         3.66703932669215    1.00782504
 C     6.0         9.16329066363519         5.28087784880351        -0.14262206741753   12.00000000
 H     1.0         7.98758172054382         6.87049114628697        -0.55478305443735    1.00782504
 N     7.0        -5.30766229677405         3.78338820623285         6.59847880690981   14.00307401
 C     6.0        -6.32541529575460         5.54892013549133         8.10007826794933   12.00000000
 H     1.0        -7.04877136303373         7.15013123087956         6.74340065598670    1.00782504
 C     6.0        -3.86755267998893         1.93055711908933         7.69498057711208   12.00000000
 H     1.0        -2.52659582385198         0.34933538581549         7.06174233622140    1.00782504
 N     7.0       -13.19701176127070         6.98431755445815         7.80890007557287   14.00307401
 C     6.0       -15.12412305587746         5.38273240125940         7.71320814153234   12.00000000
 H     1.0       -14.99964726043861         4.16791262474796         6.14768307175416    1.00782504
 C     6.0       -13.39122392881833         8.79250355003676         9.69667500399863   12.00000000
 H     1.0       -11.66790032316653        10.50774715949094         9.73611613320209    1.00782504
 N     7.0        -0.24700397108899         0.41768869291388        -2.94092887609117   14.00307401
 C     6.0        -1.57503244773677        -1.40606111787480        -1.55678540321507   12.00000000
 H     1.0        -3.04803320815602        -2.18974377520875        -2.62373541286977    1.00782504
 C     6.0         1.28616877959560         1.78899468472038        -1.62267515322049   12.00000000
 H     1.0         2.48642076028393         3.25462772991572        -2.86093949921545    1.00782504
 N     7.0        -8.19510936274375        -3.66905055485112        -1.46765091017739   14.00307401
 C     6.0        -9.94864371660897        -1.99281076651339        -1.60669485497681   12.00000000
 H     1.0        -9.97649994424582        -0.46132420727830        -2.85668025741930    1.00782504
 C     6.0        -8.66669812344679        -5.34832560555666         0.53173260270875   12.00000000
 H     1.0        -7.54273589826045        -6.92386440018720         0.90760070844334    1.00782504
 N     7.0         4.88290847574635        -3.51587021937284        -6.91458039457027   14.00307401
 C     6.0         6.18597255129760        -4.96424623224702        -8.34322707434172   12.00000000
 H     1.0         7.91100688181603        -6.19372491859541        -7.48946099486995    1.00782504
 C     6.0         3.33374260109748        -1.80385109895631        -7.95966065651087   12.00000000
 H     1.0         2.05394049546233        -0.53565701442788        -6.67569174304215    1.00782504
 N     7.0        13.32849302575960        -7.31073959460646        -7.41001740842635   14.00307401
 C     6.0        15.07233474804450        -5.68773079635434        -7.32436486292115   12.00000000
 H     1.0        14.73307322127475        -4.21573707550946        -5.66515882707047    1.00782504
 C     6.0        13.79662312272186        -9.28931887560786        -9.30466472238074   12.00000000
 H     1.0        12.57399320482345       -10.72775672050404        -9.42095377455070    1.00782504
