  -7.7077923746666257E-005   4.6296811959511432E-005  -2.0394574180084829E-004
  -4.1009034545106462E-004  -3.8505315076671926E-004   2.3239452887926032E-004
  -8.4246661798356107E-004   3.9791967906499526E-004   1.8957403138211415E-003
   1.3408434569356191E-004  -4.6876231173284098E-005   4.1312291240705912E-004
   2.2223558445220335E-003   2.3410186641933924E-003  -9.2147903231971559E-004
   2.4051108088185110E-004  -2.1650196998338969E-004  -3.4558992061682446E-004
   4.6919047643932347E-005   2.0836401726624581E-004  -1.5453820090448287E-004
   5.9786380143661186E-004   4.5363556036948354E-004   1.9801616612104118E-003
   4.8099846292482245E-004   3.1332297657745644E-006  -1.9841268466581368E-004
   6.7008602281392823E-004  -1.3376250232586940E-004  -1.3280403729642768E-003
   6.9884056408212611E-005   2.5922682445308820E-004   3.3020498340653308E-004
   1.3660204234851471E-004  -5.5260492230102467E-004   4.0407570965504458E-004
   1.5870641853054431E-004  -3.4180768218931992E-004  -2.0544318561582231E-003
  -9.9836336258249826E-005  -3.2409617438255539E-004  -3.4187847005625981E-004
   1.1943076760415211E-003  -7.6799315296035273E-004   6.7573583032445579E-004
  -1.8972171774218603E-004  -5.9866776482034995E-004  -3.7703333274613569E-004
  -1.4718482865974085E-005   1.3149810945920965E-004   1.5496942258685424E-004
   4.3684148312066407E-004   7.5866652002070756E-004   7.5179095269979276E-004
   3.8584406797734970E-004   1.8566659331551431E-005   2.2865060094240974E-004
   2.4552762718275567E-003   3.0286927677490830E-003  -6.1500905325672438E-005
   1.4310158729420063E-004   1.3048338755152842E-004  -5.0481174631355288E-005
  -7.1702318801036214E-005   2.4957835585339198E-004   1.2444378291262919E-004
   7.6761732554804063E-004   4.1920507329878682E-004  -4.8425445866415065E-004
   1.0391883906799698E-004  -3.4308968616946411E-004  -2.1346132328611264E-004
  -1.6672697696151368E-004   5.6816682116836220E-004  -2.6378911896184206E-003
  -1.4892026976388604E-004   2.8960763502287569E-004  -1.2178663369018819E-004
  -1.2293315684375590E-004   2.5822666502901160E-005   1.5792685682588909E-004
  -1.7682878644797750E-003  -1.5286084770464612E-003   1.2988158049182155E-003
   1.5499820004951895E-005  -2.0251536454871092E-004   3.5714660642538522E-005
  -1.5433462014543108E-003  -3.3518903400623452E-004   9.6889412577388142E-004
   8.6266099113169993E-006  -7.1024173049138593E-005  -2.3728365942096613E-004
  -4.5862292521188546E-004   5.8872168454173856E-004  -5.9950840097535903E-005
   1.1254129687320741E-003  -9.8430879748590580E-004  -1.1011278132115074E-003
   2.6137394709824729E-004   2.6146510572948572E-004  -2.3566955670732023E-004
  -1.0373341492574126E-003  -1.6645206428702735E-004   7.2328675867797761E-004
  -1.8882198750557613E-004   4.4099434602835853E-004   7.5901467700363937E-004
  -6.0064915446075438E-004   1.6622826254211731E-004  -1.9900987967368065E-004
  -9.3497579380036290E-004   5.0412024121250412E-004   1.2765140416584981E-003
   3.7008257027466916E-004  -6.2290684989580261E-004  -4.1966438573820926E-004
   5.6396527746835226E-004   3.0598845385820594E-004  -1.5230769637528195E-003
