 N     7.0        -0.09683952828961         0.08806575297568         2.51832345097449   14.00307401
 C     6.0         1.11042611057300         1.69517629512806         1.13814090114107   12.00000000
 H     1.0         1.99933460243280         3.27406814339573         2.27971360928156    1.00782504
 C     6.0        -1.11329441136391        -1.69842147599803         1.13133081252790   12.00000000
 H     1.0        -2.46772919609738        -2.65828698363005         2.02562700842788    1.00782504
 N     7.0         8.58890676240561         3.66282700811966         1.74176851294871   14.00307401
 C     6.0        10.38307076025644         1.88989196390423         1.96652772767536   12.00000000
 H     1.0        10.39996635183602         0.49203952103367         3.64073007482148    1.00782504
 C     6.0         9.15714660795616         5.28034412841674        -0.14219960689272   12.00000000
 H     1.0         7.98069835021838         6.88672621559951        -0.54052272171635    1.00782504
 N     7.0        -5.30923757132982         3.77999704240443         6.59269296987828   14.00307401
 C     6.0        -6.33118049672180         5.56101051569093         8.09889481281307   12.00000000
 H     1.0        -7.04987837155367         7.15805842988080         6.75879810413906    1.00782504
 C     6.0        -3.86554165363489         1.93441082184486         7.69809821605988   12.00000000
 H     1.0        -2.52459380730653         0.35602825161673         7.10083732351647    1.00782504
 N     7.0       -13.19246928306734         6.99197831956199         7.81302198128520   14.00307401
 C     6.0       -15.13454123316924         5.37950667309677         7.71808174334970   12.00000000
 H     1.0       -15.00775638645098         4.17290749527481         6.15017658851965    1.00782504
 C     6.0       -13.39664047945046         8.79405526332171         9.69409499755483   12.00000000
 H     1.0       -11.68735594264849        10.47297532029181         9.72523312695698    1.00782504
 N     7.0        -0.24701023265542         0.41999816308575        -2.93960046068903   14.00307401
 C     6.0        -1.57488224446245        -1.41232862818024        -1.55677730645055   12.00000000
 H     1.0        -3.09117919989669        -2.20062422569735        -2.64945429507370    1.00782504
 C     6.0         1.28036432196811         1.78709035634374        -1.61925194489324   12.00000000
 H     1.0         2.53841773228617         3.31207959155535        -2.86753138265098    1.00782504
 N     7.0        -8.19614343480466        -3.66925088810301        -1.46890611986593   14.00307401
 C     6.0        -9.94135135803403        -1.99326920781210        -1.61163623690272   12.00000000
 H     1.0        -9.96936109608576        -0.47327742272416        -2.83414865789055    1.00782504
 C     6.0        -8.66790896170228        -5.34536514250768         0.53596546071366   12.00000000
 H     1.0        -7.53115236042677        -6.92354196179357         0.89404873047375    1.00782504
 N     7.0         4.88375092321788        -3.51700420549281        -6.91317993875157   14.00307401
 C     6.0         6.19463278304647        -4.97451634587841        -8.34295770332348   12.00000000
 H     1.0         7.88767724837172        -6.17573558556602        -7.47388430075672    1.00782504
 C     6.0         3.32889690836484        -1.80767629140783        -7.95560277350784   12.00000000
 H     1.0         2.07485728930000        -0.52887768301666        -6.70307644755255    1.00782504
 N     7.0        13.33579526525660        -7.30959183296358        -7.41952625203928   14.00307401
 C     6.0        15.07377153550855        -5.69702445553770        -7.32111635888914   12.00000000
 H     1.0        14.74111296407924        -4.23971165382539        -5.68666227997613    1.00782504
 C     6.0        13.80095733608676        -9.28054079338697        -9.30819218753554   12.00000000
 H     1.0        12.56624581550591       -10.74940660434509        -9.38832157117608    1.00782504
