 N     7.0        -0.09689127013901         0.08765880021930         2.51918865251391   14.00307401
 C     6.0         1.11105508730566         1.69488959113874         1.13710387758967   12.00000000
 H     1.0         2.00362433322909         3.27726358471117         2.27446786352813    1.00782504
 C     6.0        -1.11322271293944        -1.69792362723317         1.13130734741905   12.00000000
 H     1.0        -2.46504432954636        -2.65286534077702         2.01930388414450    1.00782504
 N     7.0         8.58779416466586         3.66386202719098         1.74364828509787   14.00307401
 C     6.0        10.38281097721109         1.88860246893528         1.96681228815163   12.00000000
 H     1.0        10.40196581830769         0.48769378141381         3.63345454904127    1.00782504
 C     6.0         9.15557737718107         5.28019795466399        -0.14204790448059   12.00000000
 H     1.0         7.97858710216850         6.89083463733832        -0.53682339191932    1.00782504
 N     7.0        -5.30962136483672         3.77909655136127         6.59123358530524   14.00307401
 C     6.0        -6.33260361869360         5.56404922781043         8.09843150948081   12.00000000
 H     1.0        -7.04984616161915         7.15951629891719         6.76356516427252    1.00782504
 C     6.0        -3.86501633964514         1.93539328056932         7.69891054485795   12.00000000
 H     1.0        -2.52486711232588         0.35826617259928         7.10998236029530    1.00782504
 N     7.0       -13.19133028373225         6.99398465334163         7.81412443882571   14.00307401
 C     6.0       -15.13705715736920         5.37869801972229         7.71922344118178   12.00000000
 H     1.0       -15.00978322632300         4.17360990483547         6.15021192069275    1.00782504
 C     6.0       -13.39797487426704         8.79448938331981         9.69343152480025   12.00000000
 H     1.0       -11.69347181425731        10.46296155164483         9.72270420466850    1.00782504
 N     7.0        -0.24706443556991         0.42048514367626        -2.93926454459337   14.00307401
 C     6.0        -1.57475240229718        -1.41381196290476        -1.55679522141420   12.00000000
 H     1.0        -3.10217061760800        -2.20373066879512        -2.65579538730981    1.00782504
 C     6.0         1.27896199790674         1.78672972931197        -1.61842294031835   12.00000000
 H     1.0         2.55075047914980         3.32551628025918        -2.86814347824448    1.00782504
 N     7.0        -8.19634251284133        -3.66939824606711        -1.46917068661971   14.00307401
 C     6.0        -9.93961144143156        -1.99339177224960        -1.61284290724241   12.00000000
 H     1.0        -9.96716437395368        -0.47562771471914        -2.82919367283493    1.00782504
 C     6.0        -8.66824297610858        -5.34457385997865         0.53695376447505   12.00000000
 H     1.0        -7.52752073421834        -6.92379255349787         0.89062409717860    1.00782504
 N     7.0         4.88393594976874        -3.51722528243033        -6.91276554587556   14.00307401
 C     6.0         6.19688895473857        -4.97716524908742        -8.34288449325049   12.00000000
 H     1.0         7.88099779517660        -6.17059598550956        -7.47029347619248    1.00782504
 C     6.0         3.32763815270991        -1.80860580676781        -7.95449625601377   12.00000000
 H     1.0         2.08059343652119        -0.52776016125545        -6.71024723595528    1.00782504
 N     7.0        13.33759264589467        -7.30947805124773        -7.42199051014755   14.00307401
 C     6.0        15.07428636976025        -5.69917525482561        -7.32023885465751   12.00000000
 H     1.0        14.74344854118346        -4.24613007138640        -5.69278901371826    1.00782504
 C     6.0        13.80197940183776        -9.27820610977279        -9.30891653127916   12.00000000
 H     1.0        12.56320294888548       -10.75564119719376        -9.38030742547703    1.00782504
