  -1.5242696060798909E-006   9.2860150693867285E-005  -2.2133161281015089E-004
  -2.0859943883766734E-004  -2.1655935476564920E-005   2.4762221028914251E-004
  -9.7630420311600415E-004  -5.4663464863898058E-004   1.4933540677884269E-003
  -3.4804642309132188E-006  -1.1888043733894978E-004   8.9062099056828450E-005
   5.3574804996630023E-005  -5.3117160900856687E-004   1.0062689704959324E-003
   2.7045013328283419E-004  -2.5248715731713867E-004  -4.3981593509012342E-004
   5.2063115602228920E-005   3.1117030091020722E-004  -1.0349958516530585E-004
  -3.2283824380127207E-004   7.8269347255136967E-004   2.0617638850541093E-003
   4.0033135806577367E-004   4.0324429672780722E-005  -6.8373135500285624E-005
   6.7082124966754049E-004  -9.6696246453214054E-004  -9.7763618490807305E-004
   8.9557054831752958E-005   2.3818533530669430E-004   3.6105637829484533E-004
   3.2560313479074258E-004  -7.4648042466480223E-004   1.9385315099750480E-004
  -1.1552873556361698E-004  -1.0737627618900587E-004  -1.5803943631526448E-003
  -1.3359144156704661E-004  -2.4136039274256694E-004  -2.2098885692563153E-004
   4.0706911238790722E-004  -7.9706600198561342E-004  -1.8281483960650693E-003
  -2.7413540569162656E-004  -5.2813672085225670E-004  -2.9576491350134012E-004
   5.3163494751676135E-004   1.9381314931802749E-004  -2.2425726047503746E-004
   4.9034139624426650E-004   1.0353068919090436E-004   2.7576531376882844E-004
   3.0427914923288263E-004  -1.2428401563810385E-004   1.7358345674564241E-004
   2.1418487134053283E-003   3.0763148553160165E-003   5.1541419701779483E-004
   3.9783509697579805E-005  -7.2963404504334229E-005  -7.9641654625171296E-005
  -6.5278351637392822E-005   3.3021245738039379E-004   1.5175349918705180E-005
   2.6221057090843884E-003   8.6219882083154878E-004   1.3821349260357029E-003
   3.0528914117378570E-004   1.8246468327732478E-005  -1.9773768852183191E-004
  -2.5749711971004684E-003  -2.6804588546428857E-003  -4.1046292092873323E-004
   1.6548744129973116E-005   8.3765190458636148E-005   3.2603376084864930E-005
  -3.8163712577363233E-004   4.0579644496740013E-005   2.6912033890244639E-004
  -7.7389100145523553E-004   1.3607124397308003E-004  -7.1943597836901334E-004
   9.0283407757002916E-005  -2.1463051960426535E-004  -1.9238310655543130E-004
  -1.2209609673562770E-003   1.8806645360993152E-004   8.6141333102796784E-004
  -3.3828657646987197E-005   2.3893652724442445E-005  -1.3157377458368477E-004
  -5.8419767918094451E-004   6.8239317936786051E-004  -2.6768681279260211E-005
   1.9731604410865339E-003  -1.5350243172656138E-003  -7.2705817180563790E-004
   3.2561160591018526E-004   2.1068145843698808E-004  -3.0493825811253735E-004
  -1.5833520839897402E-003   8.7051962570537540E-006   1.8561017741635336E-003
  -4.0229148452356048E-004   5.9895750700983034E-005   6.3757028580863355E-004
  -2.0657356481427162E-004   4.3026590396357846E-004  -2.4229728846455017E-004
  -7.2636625708739596E-004   1.7366537755388247E-003   1.8286135057111995E-003
  -1.8477115212802513E-004  -6.2000446704880096E-004   7.8136120416407570E-005
   1.1279336681394379E-003   1.7597907116156980E-003  -1.8929682352133170E-003
