  -5.8442252840687454E-005   4.9499856453036178E-005  -2.2674604433492009E-004
  -3.8447026784428872E-004  -3.3896456888724751E-004   2.4676137762921129E-004
  -8.6127419274817558E-004   2.9062011447894640E-004   1.8773244867697611E-003
   8.2579167699277991E-005  -6.7466689494295257E-005   3.8908394399373260E-004
   2.2204183193495759E-003   2.1487465079304997E-003  -8.2907858988001454E-004
   2.4888239483567578E-004  -2.2647523929289956E-004  -3.5751128462959444E-004
   3.6739202087276534E-005   2.3412490748299231E-004  -1.5855528045272035E-004
   4.6167686181875997E-004   3.6370921356563434E-004   2.1558340736306486E-003
   4.6319270035999479E-004   1.8690987370914995E-005  -1.7827259652627501E-004
   7.2688781134125585E-004  -3.1342382333971906E-004  -1.2835882439337322E-003
   7.2615130464558111E-005   2.6445448091582025E-004   3.4005023680977475E-004
   1.7709027205519627E-004  -6.1018512039130333E-004   3.9219276651572939E-004
   1.9545615317829363E-005  -9.7273751466758640E-005  -2.1860237224141077E-003
  -1.1304320466983678E-004  -3.0364676144895898E-004  -3.2374306156372242E-004
   1.1668782795125614E-003  -9.1432498664293998E-004   2.2737335924410772E-004
  -2.0959141531526923E-004  -5.9416153256392889E-004  -3.6675959629178573E-004
   6.4696048483478874E-005   1.4070672827986238E-004   9.2590167824269665E-005
   4.5852304034435623E-004   7.3161947475887488E-004   7.6763363148813683E-004
   3.2597785504069989E-004  -4.7041944040630105E-005   2.2551542304241739E-004
   2.9700140351971650E-003   3.5640130912289862E-003   4.8116592476841030E-005
   1.2808450247653295E-004   9.4404652796741711E-005  -4.3716829005587911E-005
  -8.2514915546122493E-005   2.6943689165342467E-004   9.7053364676179005E-005
   1.1711700141338410E-003   5.1547643599252741E-004  -1.3569233015025978E-004
   1.3859265424041764E-004  -2.8918388955065334E-004  -2.1874099598642277E-004
  -5.8653996094543462E-004   3.7728249117616776E-005  -2.3087616521977224E-003
  -1.2446833736119570E-004   2.6040340603720389E-004  -9.9235508365465508E-005
  -1.6164924866583701E-004   4.8799581399602620E-005   1.6092403182976347E-004
  -1.6552850868786989E-003  -1.4715150410201476E-003   1.1570119006937653E-003
   4.7197971648878952E-005  -2.1880564040256052E-004  -1.9126573436113446E-006
  -1.6233343375636512E-003  -1.4657912838648453E-004   9.6000146672273385E-004
   4.0478943203306236E-006  -5.8696603400992944E-005  -2.2570401222426814E-004
  -5.1309423972974600E-004   6.3374100244610175E-004  -6.0061187816886534E-005
   1.5690256777818364E-003  -1.3058778282404248E-003  -8.6702001759112325E-004
   2.8863607794703727E-004   2.3383733150732211E-004  -2.6915878856712525E-004
  -1.2844742662091581E-003   5.1430620102118404E-005   1.0944941984857887E-003
  -2.1971793135799444E-004   3.9144694754440453E-004   7.4465129937242858E-004
  -5.3502574090021494E-004   1.7750463567268299E-004  -2.3420184080109494E-004
  -9.8171467984566529E-004   9.7859276375275323E-004   1.6718196520233617E-003
   2.8440492508699500E-004  -6.4001499901480377E-004  -3.5262021459351868E-004
   7.9423115587181129E-004   6.9298376278818352E-004  -1.5999026070384497E-003
