   2.5806144052166062E-006   9.3133082578155513E-005  -2.1906369542695292E-004
  -1.9844983287038083E-004  -7.8438459459614191E-006   2.4856223475766467E-004
  -9.9797293855090710E-004  -5.8346544028528373E-004   1.4416345227031837E-003
  -5.6703671086180804E-006  -1.1499306192547483E-004   7.2245057603648600E-005
  -7.7438444066348146E-005  -6.8816305611983989E-004   1.1052701679779686E-003
   2.6983225109366345E-004  -2.5149843423393203E-004  -4.4099137760733533E-004
   5.2853562858218120E-005   3.1044427216343735E-004  -9.6879279137456996E-005
  -3.4611634956460918E-004   8.2929916804323615E-004   2.0006143660495721E-003
   3.9462233326833591E-004   4.0364988510452511E-005  -6.2201441336539901E-005
   6.4358273577920446E-004  -9.7522414644653005E-004  -9.6059582238838576E-004
   9.0091435857889265E-005   2.3381077003101948E-004   3.5999152204389720E-004
   3.2820711233775478E-004  -7.4534398445978440E-004   1.7734890361126968E-004
  -9.0019946842779887E-005  -1.5020225632288042E-004  -1.4995360629059260E-003
  -1.3227710330010456E-004  -2.3790472925027580E-004  -2.1736203363360306E-004
   3.3906961713456714E-004  -7.5373691973507236E-004  -1.8948857562800434E-003
  -2.7630467971320901E-004  -5.1911884242635063E-004  -2.8978694558817861E-004
   5.4532973080869350E-004   1.8992835790100738E-004  -2.3365302634244329E-004
   4.8851165055195319E-004   5.6063505352841566E-005   2.2079209358315141E-004
   3.0666510773082997E-004  -1.1819026696077302E-004   1.7267917995580678E-004
   2.0323690961869065E-003   2.9582026577095943E-003   5.3237162009027352E-004
   3.4559675655491759E-005  -8.1781434411787529E-005  -7.9655412356599640E-005
  -6.0173040928156319E-005   3.3720935769901802E-004   1.3236468595942016E-005
   2.6393254611210494E-003   8.4526375637504622E-004   1.4181167263887184E-003
   3.1097767209918570E-004   2.9841590495558528E-005  -1.9816931618835078E-004
  -2.6464865119533404E-003  -2.7833908936505838E-003  -3.0616743076438590E-004
   2.2135323569986997E-005   7.4468664093836460E-005   3.7873747704956884E-005
  -3.8797691225117683E-004   3.8573182107156874E-005   2.7281944300128419E-004
  -7.3163878171659050E-004   2.2085606853110100E-004  -8.0648058323576496E-004
   9.0101383827789603E-005  -2.1104998324818517E-004  -2.0069010998850599E-004
  -1.1602456546253811E-003   1.7109898231704146E-004   8.5389758152001427E-004
  -3.5896982944771777E-005   2.9364629951596596E-005  -1.2597467127287807E-004
  -5.7735247087412674E-004   6.7567944633026267E-004  -2.4262002948996715E-005
   1.9081054264483547E-003  -1.4853926814308233E-003  -7.4849666200363743E-004
   3.2225839486777028E-004   2.1112108415343784E-004  -2.9721896375075853E-004
  -1.5455384655812619E-003  -3.5900533620461978E-005   1.8377607068055777E-003
  -4.0672035320383527E-004   4.4964965700515754E-005   6.2770969216338775E-004
  -1.8916288928706702E-004   4.4756217190633171E-004  -2.3808575726126262E-004
  -6.9937292670038990E-004   1.7023079283910866E-003   1.7864412380034103E-003
  -1.9749534125376156E-004  -6.1295775619674402E-004   9.5298293318736414E-005
   1.0621860405503572E-003   1.7281339306619364E-003  -1.8993196963468023E-003
