  -1.1552310657122816E-004   2.7023871225771724E-005  -1.4212633573362437E-004
  -4.0259378153103067E-004  -3.9540277413324903E-004   1.9311041298218930E-004
  -7.2205053374331540E-004   3.9105813568764429E-004   1.6401688342835509E-003
   2.4076635822964281E-004  -3.3477442410998762E-006   4.1629648672050941E-004
   1.6690532144871119E-003   2.3334631394601574E-003  -8.6662928819620350E-004
   2.0987901133954004E-004  -1.7790802842313036E-004  -2.9997407646901195E-004
   1.8579475053608084E-005   1.3192052043042309E-004  -9.2497466860876041E-005
   8.4521518975734240E-004   8.1040247345250582E-004   1.1895517144433834E-003
   4.2616042707714950E-004  -3.3453025454446059E-005  -1.8918198781361985E-004
   6.0519246110375821E-004   1.9760966399779112E-004  -1.2454791201004769E-003
   6.2101198758649412E-005   2.2905421212097955E-004   2.8319083621675958E-004
   4.2878656485699845E-005  -3.6846714561681942E-004   3.9259344610708161E-004
   4.6504963423745654E-004  -9.4986596755534936E-004  -1.5556973998917497E-003
  -5.8208738709375837E-005  -3.5256837926336018E-004  -3.2863767089558508E-004
   1.0923913391066352E-003  -3.5236778540770087E-004   1.5039800108919623E-003
  -1.3340811133164218E-004  -5.2469741384680130E-004  -3.3516975856812353E-004
  -2.0355972851373401E-004   1.2274444735681033E-004   2.6980203720972584E-004
   4.3499904184677684E-004   6.0745083746323271E-004   5.4074876635904325E-004
   5.0818458358606962E-004   1.3854110913009941E-004   2.2126508712355992E-004
   5.6577957723769447E-004   1.1720504107791629E-003  -3.3598292862759395E-004
   1.6279425001758675E-004   1.8826099276728439E-004  -6.1411698790992409E-005
  -4.6064176823531977E-005   1.6453701602828281E-004   1.5958850298099548E-004
  -1.6297123994692638E-004   1.9257170904062401E-004  -1.0535010640742208E-003
   3.0792831452535822E-005  -3.9463901351939579E-004  -1.9228182552241503E-004
   6.5364903634837078E-004   1.5254100251467745E-003  -2.9090362109225666E-003
  -1.7799654481541152E-004   3.0473681551913362E-004  -1.5508450174134047E-004
  -9.5542696360183896E-006  -3.0191685720897852E-005   1.2645983392811072E-004
  -1.8198838295467902E-003  -1.3243764802186278E-003   1.4127985365362428E-003
  -6.3936441809550430E-006  -1.3792551061461578E-004   7.5127673484369227E-005
  -1.2491155122411957E-003  -7.2005003402353103E-004   8.3573506224018999E-004
   1.6142602852083939E-005  -8.9119238681158996E-005  -2.4467665341044060E-004
  -2.9439728278762920E-004   4.3385082405369133E-004  -6.5083855340801998E-005
   2.6782152407326409E-005  -1.2351006467154182E-004  -1.5333946656366912E-003
   1.7010817237787917E-004   3.0335068218000641E-004  -1.5135987284726308E-004
  -4.3945816174825779E-004  -6.8583504575488283E-004  -1.0453441944675269E-004
  -1.0513228719291438E-004   5.0173876822147466E-004   7.0522986636360079E-004
  -6.6181755794296167E-004   1.2186052165681735E-004  -1.0759925136202737E-004
  -8.1408539642185073E-004  -5.4193776759055930E-004   2.7314447391649167E-004
   5.3299208161247224E-004  -5.1740102232489629E-004  -5.2084708895405946E-004
   5.1218733948689567E-005  -4.7500155724859787E-004  -1.2361865704340045E-003
