 N     7.0        -0.07427661571735         0.03916109522166         2.43964293837320   14.00307401
 C     6.0         1.20379280457444         1.94274955812156         1.15536825854864   12.00000000
 H     1.0         2.01309071753117         3.49863358036658         2.29161528267706    1.00782504
 C     6.0        -1.36521958112266        -1.77482251850585         1.05228061161917   12.00000000
 H     1.0        -2.03765852689581        -3.45321376209806         1.88464264029118    1.00782504
 N     7.0         8.63923459577518         3.58135912619766         1.51904879450773   14.00307401
 C     6.0        10.51759249810456         2.03434196854267         2.05318896770267   12.00000000
 H     1.0        10.03411182746899         0.86881683797222         3.80340722478643    1.00782504
 C     6.0         9.08992562284192         5.35074054115571        -0.11449930724466   12.00000000
 H     1.0         7.51490139755279         6.52482517683661        -0.48531792259929    1.00782504
 N     7.0        -5.21271431849268         3.66635754578712         6.59323728784086   14.00307401
 C     6.0        -6.22596287228979         5.45192301054277         7.97931286524204   12.00000000
 H     1.0        -7.23221691267246         7.26560106895687         7.17983190916996    1.00782504
 C     6.0        -3.92606905182863         1.90009845087826         7.66112333860127   12.00000000
 H     1.0        -3.41717508529288         0.80877358789978         5.95801404132794    1.00782504
 N     7.0       -13.11794994507741         7.09769602429237         7.83946357645562   14.00307401
 C     6.0       -14.94826068375797         5.26771585736595         7.54379816382729   12.00000000
 H     1.0       -14.78587546907809         3.89289337933704         6.06524698540876    1.00782504
 C     6.0       -13.43839188831589         8.67863509750218         9.72151390275877   12.00000000
 H     1.0       -11.74305093100748        10.47665368991817        10.01944079911081    1.00782504
 N     7.0        -0.24084919095331         0.25199673837435        -2.91177547764410   14.00307401
 C     6.0        -1.54030663575779        -1.26238182189168        -1.50193156558761   12.00000000
 H     1.0        -2.69562624062357        -2.54018799864368        -2.30347820378929    1.00782504
 C     6.0         1.29617458272294         1.79727877031209        -1.52424441307602   12.00000000
 H     1.0         2.64346995241955         3.16046663532096        -2.73390782680472    1.00782504
 N     7.0        -8.15538278967912        -3.75562668749183        -1.32991918216961   14.00307401
 C     6.0        -9.96787373361308        -1.93329533026213        -1.66940262110588   12.00000000
 H     1.0        -9.48609637445790        -0.76187563307911        -3.23190520370916    1.00782504
 C     6.0        -8.64108843304523        -5.42940284353943         0.37667012945261   12.00000000
 H     1.0        -7.11060647851592        -6.65851054816769         0.67901386541590    1.00782504
 N     7.0         4.82616725436386        -3.36316267516066        -6.81467051205521   14.00307401
 C     6.0         6.17953342588016        -4.98661102219890        -8.43960388437762   12.00000000
 H     1.0         8.05355157427883        -5.92355723784293        -7.41225189253581    1.00782504
 C     6.0         3.38570339087620        -1.73380323543085        -7.91562836581391   12.00000000
 H     1.0         1.79209515483879        -0.84222905430359        -6.64540988320513    1.00782504
 N     7.0        13.21461929348796        -7.53201319779458        -7.35673719283914   14.00307401
 C     6.0        15.14631531278544        -5.43586440981085        -7.40802765998382   12.00000000
 H     1.0        15.11248574976587        -3.83601001951851        -5.73634169094106    1.00782504
 C     6.0        13.58253951361661        -9.28581747913165        -9.04699029415993   12.00000000
 H     1.0        12.09122363354582       -10.20995367496378        -9.76859589734891    1.00782504
