 N     7.0        -0.03587817116209         0.09009790412642         2.49157039785631   14.00307401
 C     6.0         1.16000464224943         1.90342547600260         1.21873836466795   12.00000000
 H     1.0         2.40704124295474         2.86252516213840         2.49970027544776    1.00782504
 C     6.0        -1.46416207269442        -1.53346463814403         1.04489481874230   12.00000000
 H     1.0        -2.14891450536313        -2.87975611281190         2.36599451735459    1.00782504
 N     7.0         8.73193699979658         3.70177723508397         1.54947050908109   14.00307401
 C     6.0        10.49523661468333         1.99045350607799         1.91567575913221   12.00000000
 H     1.0         9.99831414152647         0.98190463349809         3.76278032790639    1.00782504
 C     6.0         9.11488593179971         5.11304109650945        -0.42245297095449   12.00000000
 H     1.0         7.77979548109079         6.51413557323697        -0.90913779108092    1.00782504
 N     7.0        -5.24068221564630         3.68140959952487         6.56025079021192   14.00307401
 C     6.0        -6.43334575564621         5.46764164125693         7.87626529545307   12.00000000
 H     1.0        -7.85797163317400         6.90798401680184         6.90296423600179    1.00782504
 C     6.0        -3.90408158596224         2.14703124163026         7.78457485705094   12.00000000
 H     1.0        -2.95474403245194         0.67288759966516         6.41073144911853    1.00782504
 N     7.0       -13.15129230278360         6.89082526903783         8.02405880716256   14.00307401
 C     6.0       -15.02732822529872         5.34587919414194         7.81784451103786   12.00000000
 H     1.0       -15.03017566607158         3.73505045562949         6.60922979809646    1.00782504
 C     6.0       -13.47713967256068         8.76640723902938         9.62809331761716   12.00000000
 H     1.0       -12.07777720706378        10.58977782985134        10.30723463448511    1.00782504
 N     7.0        -0.07181149126235         0.12911610262272        -2.74470516963895   14.00307401
 C     6.0        -1.48311169467083        -1.53524096814647        -1.74862382221808   12.00000000
 H     1.0        -2.72768594397704        -2.48296914874668        -2.78675832228535    1.00782504
 C     6.0         1.13508693955290         1.95470393220253        -1.43776786617931   12.00000000
 H     1.0         2.56627196971694         2.99582350966859        -2.98376760819191    1.00782504
 N     7.0        -8.07918049541454        -3.75119148702943        -1.40371174446017   14.00307401
 C     6.0        -9.95211275288055        -1.90509693301355        -1.61694978503623   12.00000000
 H     1.0        -9.33040782450001        -0.26396162690651        -2.67031368537969    1.00782504
 C     6.0        -8.55592633531982        -5.36946122188266         0.41489784293566   12.00000000
 H     1.0        -7.48490923288825        -7.05768424768493         0.57946745570497    1.00782504
 N     7.0         5.02735065394472        -3.29029238587867        -7.04292637603328   14.00307401
 C     6.0         6.25431647561721        -5.10938682442565        -8.26721772796711   12.00000000
 H     1.0         7.48695544764979        -6.80228357300851        -7.27488858660189    1.00782504
 C     6.0         3.39912315123106        -1.87209342362883        -8.13138420348528   12.00000000
 H     1.0         2.42198991757750        -0.72188108948800        -6.47710954374492    1.00782504
 N     7.0        13.14313221934811        -7.49107543478332        -7.55473750646258   14.00307401
 C     6.0        15.29701403388353        -5.72150696284718        -7.18289532542434   12.00000000
 H     1.0        14.85990543420123        -4.12258579893748        -5.56468774501765    1.00782504
 C     6.0        13.56267399626540        -8.96444461216504        -9.40613503109119   12.00000000
 H     1.0        13.08357716307681       -10.82190919464390        -9.37336422570300    1.00782504
