   6.1227434873619335E-005  -3.6978359702816107E-005  -1.0191696570618818E-004
   2.2515318699697204E-004   5.3657759245973838E-004   2.0977552741383530E-005
  -3.5105511392657300E-004   3.9521127939429982E-004   4.6344577744877110E-004
  -5.9579133913352316E-004  -3.0913068833036169E-004  -2.5951859723206575E-004
   8.2110492773695531E-004  -1.8866865159612339E-003   1.5898418007845213E-004
   1.8982758148527911E-004  -1.8243969173024305E-004  -5.3523171752788655E-004
   2.3407865894955221E-004   2.8768183506772116E-004   2.2576520672143465E-004
  -1.2146861606957663E-003   2.1284808278931558E-003  -5.3516902689063094E-004
   5.0537447300498515E-005   8.3601479614228783E-006   1.7504218407272246E-004
  -1.4238333303909592E-003  -3.6213104236530497E-004  -1.8532807735226301E-004
   1.9693286055632456E-004  -1.7443242601994596E-004   1.3656677981701168E-004
   2.7549950175853062E-004  -3.4264246694747617E-004  -4.0458639823964934E-004
   3.6377543154976331E-004  -1.3483883626749192E-003   2.0757638529065796E-003
  -5.6173973433450504E-005  -1.6824481126829761E-004  -4.7153050004445585E-005
  -2.4860463866479107E-003   2.0372002812177954E-003  -3.1994280970466904E-003
   4.6146704394364365E-005   1.0857742846916970E-004   1.2208464358109303E-005
   5.7708972522613569E-004  -8.9375945245335947E-005  -5.0450864182614527E-004
   3.0216494378649769E-004  -9.5075835979894065E-004  -4.6711962960153757E-004
   3.3806014171235761E-004   2.8778136979812250E-005   7.3299317132632035E-005
  -3.5612482736250700E-003  -3.2643826641732213E-003   7.0255698700038465E-004
  -9.7799394720199129E-005  -4.3722063162745861E-004  -2.2686856114768720E-005
   4.0208445855990899E-004   6.9990491813959712E-004   2.5399579240355415E-004
  -1.0398986044621937E-003  -2.5542870372002014E-003  -5.3477151211585295E-004
  -5.8301379689046245E-005  -2.1714798095301410E-004   4.5099566138563445E-004
   1.5277819019914550E-003   1.9369066508397989E-003  -2.6078811537952077E-003
   1.4624870746047323E-004  -2.4842463251671009E-004   3.1185581572196728E-004
  -3.0622290969674641E-004   1.9449911799981743E-004  -2.9689887647752623E-005
   1.0523828426788622E-003  -7.2968829005633739E-004  -8.4720016796614066E-004
   1.1344139644323804E-006  -7.9075075259502065E-005  -4.4679957228323908E-004
   1.3791179856037083E-003  -7.4246966575140273E-005  -6.7875124151668719E-006
  -1.8207968184366259E-004   3.4455275668132223E-004   2.0417498472423179E-004
   8.4865739727787090E-005  -5.4215607474007534E-005  -1.5586664469077182E-004
  -2.0801527045430589E-003   1.9461314464687160E-003  -1.4888004093624525E-003
   2.5963100905456593E-005   3.4325137725661574E-004   1.9531805919368198E-004
   8.0463473982137607E-004  -2.2014534066773740E-003  -7.2646691077064395E-004
  -4.2704877291442844E-004  -5.4228314202325629E-004   2.2852473588452752E-004
   2.2389025301585699E-004   8.7834084613667486E-004   4.8232375962623652E-005
   1.0290890155326804E-003  -6.7706770932915276E-004  -2.3656028521868667E-003
  -3.9131531050033263E-004   5.3420092054614772E-005   6.7295543074434182E-004
  -2.5097570336804786E-003  -7.0383324165287399E-004  -1.9071736472812445E-003
