   3.6203791565934943E-005  -2.4377375939996858E-004  -2.0081813715281288E-004
   2.6522362161547592E-004   5.9214086556114403E-004  -4.9234991656904429E-005
   8.6550332624084618E-004   1.0293559376866671E-003  -9.4090829665234880E-004
  -5.9343090580394372E-004   5.8847099804082148E-006  -1.0559811628148713E-004
   1.7118066324424159E-003  -1.1349828417425343E-003  -1.6538487235545388E-003
  -6.7045444926229261E-005  -1.0069889638620668E-004  -3.4626960102319683E-004
   3.7583354765730151E-004   2.5737057299481987E-004   2.1952503063993990E-004
  -2.1832267881778984E-004  -9.0644814858668291E-004   7.2950313502818747E-004
  -5.5190273112782349E-004   3.4717767290412625E-004  -2.9848997056451856E-005
  -8.8217450168488255E-004  -1.0454944403947928E-003   7.9736176109248852E-004
   2.3880502157142206E-004  -4.6527692066700393E-004  -2.6791789931462283E-004
   6.0140190502609195E-005   1.3027043671948524E-004  -1.9740107742378612E-004
  -1.2535759730772388E-003   1.9576225478911066E-003   3.7061995577491259E-004
  -1.8891863430768390E-004   1.1343989650939886E-004  -7.9549803305067071E-005
  -1.6951640411317088E-003   2.3496238246406692E-004  -1.1590737117056107E-003
   4.5288868948714916E-004   6.0540990216648410E-004   2.1755452922028978E-004
   1.6411663716275954E-006  -5.1635180226205287E-004  -1.7947320101750983E-004
   5.7709912486046525E-004  -2.5916827344160654E-004   1.1916426278238613E-004
  -6.9309550461913057E-004  -5.4810466162535855E-004   3.4721989798710067E-006
   2.8129786820143541E-003   2.2298782309518178E-003   3.7890970992801685E-004
   1.3757713949468444E-004  -2.9677498336637143E-004   1.8821587611599519E-004
  -2.7290464176665482E-004  -1.7383345525512930E-004   1.9710788957051883E-005
   2.0394854943649871E-003   8.7970958618852947E-004   1.6773519520948694E-003
  -5.6661310654991543E-005   1.4901256364506784E-004   1.6290605164391466E-004
   9.5782616089188494E-004  -4.1795907486555215E-004   2.2862121660285053E-003
   1.8594414299228433E-005  -1.5892165457513167E-004   3.1841440386898713E-004
   3.9447819577978667E-004   9.0133378509704644E-005  -3.8964419466474610E-004
   1.3444717404534762E-003  -1.0318127976989095E-003  -4.6882553357174036E-004
   1.2190087584415346E-004  -2.8485528209047970E-004  -2.0541524077058310E-004
   7.4479887976464749E-004   1.5224533424336665E-003  -1.3739471623903834E-003
  -7.8001136376642320E-005   3.6033994895633538E-004   2.8962825144704846E-004
   2.4632231382670352E-005  -2.3454042966429241E-004  -3.1255514628289287E-004
   2.7433089276021499E-003  -5.3480354592079418E-004   2.4374868183919705E-003
   1.6363564730766751E-004  -1.0528417873084874E-004   8.0246365741683701E-005
  -1.9686542740342140E-003   1.1711939540640869E-003   5.4785607401284749E-004
   3.2504105330010961E-005  -4.8636259072571086E-004  -1.5268986841500260E-004
   1.5308024558970590E-004   5.9975854934145824E-005  -4.2807972099693305E-004
   8.4864627056067412E-004   2.3212545165757848E-003   1.7672715337755094E-003
  -5.4497090551237914E-004   1.4623983467918199E-004   4.5247303093419477E-004
   6.0095030716382297E-004   3.1022572637471545E-003   1.1562484103003103E-003
