   1.1384869522386230E-005   9.8863509761205556E-005  -2.1084209869852625E-004
  -1.5753883578575520E-004   6.0805443081004807E-005   2.4922966914221457E-004
  -1.0290661190397688E-003  -7.5128985614742686E-004   1.2960138867226009E-003
  -1.5831924101060720E-005  -1.2026369611221697E-004   1.1114269798733721E-005
  -5.9263461529959738E-004  -1.2478289760514834E-003   1.4865853538525813E-003
   2.6920335631281875E-004  -2.5069095161469945E-004  -4.5379864674466715E-004
   6.1616009118975283E-005   3.1181756879920033E-004  -7.1779511618202900E-005
  -4.7294686593016559E-004   1.0261893201811468E-003   1.7914240161954447E-003
   3.8152670430249890E-004   3.5616271628523384E-005  -3.9459965199832768E-005
   5.2958289224306026E-004  -9.9326235201842999E-004  -9.0165552239393823E-004
   9.2538738309419881E-005   2.2014973899671283E-004   3.5335890146623148E-004
   3.4278184459941001E-004  -7.3542728187777999E-004   1.2031722003454646E-004
  -2.3219239887563761E-005  -3.2814909711520072E-004  -1.1960495662957471E-003
  -1.2781705241109560E-004  -2.3858976594723699E-004  -1.9782469116775842E-004
   1.0239782094084867E-004  -5.6661096203941856E-004  -2.1778669129525067E-003
  -2.7545514770396708E-004  -4.8920939126890454E-004  -2.6980240796856987E-004
   6.0409117548073190E-004   1.9620702765145697E-004  -2.7248772655820810E-004
   4.9016290590454478E-004  -1.4372109116410012E-004   2.2832470923895851E-005
   3.2224464250335587E-004  -1.0800716329963233E-004   1.6079073751448851E-004
   1.5381440925404494E-003   2.4849301021376028E-003   6.0061768870923972E-004
   1.5777487924511668E-005  -1.1359689239690849E-004  -8.0801076635411099E-005
  -3.5492116505068917E-005   3.5563776572802592E-004   6.4777830195990899E-006
   2.6603156657248684E-003   7.6429030838655733E-004   1.5231358047271472E-003
   3.3667504438329797E-004   8.1046440135274075E-005  -1.9866679372543977E-004
  -2.9465225415096184E-003  -3.2013882028470607E-003   9.4780835870145435E-005
   4.5695169535869049E-005   4.0077396430599654E-005   6.1673156925493410E-005
  -4.1741239930536062E-004   3.0558853594270294E-005   2.8994813620016860E-004
  -5.5139605870186488E-004   5.3356090014140410E-004  -1.1615113340914028E-003
   8.1741950226124852E-005  -1.9334449436325915E-004  -2.3511354732023496E-004
  -9.1434734346565038E-004   7.3945425462547298E-005   8.3062272526804564E-004
  -4.3935426513412667E-005   5.0577382052656466E-005  -1.0286362594422230E-004
  -5.4933420480272270E-004   6.4402599526985601E-004  -1.8564491977433846E-005
   1.6544710413460015E-003  -1.2724705133864405E-003  -8.5487529827139408E-004
   3.0654462588691837E-004   2.2377918391058401E-004  -2.7212849995254156E-004
  -1.4088609444684805E-003  -2.4349667216899478E-004   1.7448860671756610E-003
  -4.3357450043800076E-004  -1.8834936098182161E-005   6.0046297168604614E-004
  -1.3267830067834751E-004   5.1093506428606303E-004  -2.1521538584654755E-004
  -5.8062284670745657E-004   1.5713320605950745E-003   1.5131554344869247E-003
  -2.4348542744001943E-004  -5.7036052930818117E-004   1.6771582680048008E-004
   7.8513040789909123E-004   1.5403474996914545E-003  -1.9312793635785238E-003
