  -1.3534190097873360E-005   8.7649346768915354E-005  -2.2697965453383684E-004
  -2.4736597100385771E-004  -8.3892114950152914E-005   2.4140834955856772E-004
  -9.1583616026629541E-004  -3.7239980455655011E-004   1.6464117389034206E-003
   1.9738738520880583E-006  -1.2351381224148719E-004   1.5172394485223132E-004
   6.1126541056101232E-004   8.5989195754055577E-005   5.8490295220725564E-004
   2.6931311031672437E-004  -2.5220158173920598E-004  -4.2740157310933543E-004
   4.5220833677633089E-005   3.0611313556437277E-004  -1.2428564231103863E-004
  -1.9644674420900342E-004   6.1171208215759229E-004   2.2276887495882589E-003
   4.1375750943424251E-004   4.1305631674017629E-005  -9.0636783257718305E-005
   7.5140498048576279E-004  -9.0656275781348956E-004  -1.0384701043645592E-003
   8.7285541104939883E-005   2.4958811294442190E-004   3.6373388687060802E-004
   3.0694836929268685E-004  -7.4494798738882243E-004   2.4564804003941574E-004
  -1.6890211201291000E-004   2.8289946574815227E-005  -1.8353374070091181E-003
  -1.3604917154330556E-004  -2.4479373116954612E-004  -2.3945956524526964E-004
   6.2544532974298875E-004  -9.3473665372968185E-004  -1.5039799170769768E-003
  -2.6801731367655202E-004  -5.5121263699395968E-004  -3.1342351478200756E-004
   4.6299228352202320E-004   1.9173112988300192E-004  -1.7916056356311917E-004
   4.8960496290777807E-004   2.8364800140407939E-004   4.6514338726308434E-004
   2.9171080745931131E-004  -1.3665834532704257E-004   1.8115797891917780E-004
   2.5641762685240520E-003   3.4698991543371353E-003   4.3514926318970280E-004
   5.8461893018669580E-005  -3.9344589855303458E-005  -7.6482110272059242E-005
  -8.0600545563672398E-005   3.0934448090897749E-004   2.9639366457801203E-005
   2.4711558132475193E-003   8.7741813945096904E-004   1.1845075803901229E-003
   2.7780410136066556E-004  -3.3568075036231272E-005  -1.9395733904275801E-004
  -2.2325057258215215E-003  -2.2140135475668368E-003  -8.2178641103842218E-004
  -7.5122584823255080E-006   1.1901429322167389E-004   9.3737678947243798E-006
  -3.4687926804880697E-004   5.0997426225176863E-005   2.4698850151991930E-004
  -9.4813487799223989E-004  -2.2899956795816736E-004  -3.3059082752754629E-004
   9.2778203018572018E-005  -2.2622258207204184E-004  -1.5758914580446271E-004
  -1.4199383270635949E-003   2.2994480902644631E-004   8.8471167578056654E-004
  -2.7443174509838025E-005   4.9988168269749579E-006  -1.5253492703701547E-004
  -5.9917154369801913E-004   6.9943143139683279E-004  -3.4387241130942648E-005
   2.1465227031307022E-003  -1.6792021122341379E-003  -6.4793698783610035E-004
   3.3464027079207722E-004   2.0317921696540791E-004  -3.2065714980318631E-004
  -1.6607554259914098E-003   1.6236877869779911E-004   1.8626924739704727E-003
  -3.7529409386867339E-004   1.2470617552375648E-004   6.6562216253570716E-004
  -2.6821683638823189E-004   3.6352089906347150E-004  -2.5915255227640306E-004
  -8.3063608562632455E-004   1.8051354780553570E-003   2.0005950132372212E-003
  -1.2014885585822805E-004  -6.4332116152457082E-004   3.4791750750812398E-006
   1.2789068697092751E-003   1.7863711061843009E-003  -1.8516609391317981E-003
