   3.5587424395754633E-005  -2.1751138853965370E-004  -8.7015657528143755E-005
   2.7984297247205897E-004   6.1609656129864982E-004  -1.7728088487632888E-004
   7.8736113754829761E-004   1.7148017336789151E-003  -4.7018218085521128E-005
  -7.2775435573355031E-004  -2.2976772616586349E-004  -1.7513130370031270E-004
   2.6963970241134913E-003  -5.2220751896193932E-005  -2.2516638712239286E-003
   1.0680702124620623E-005  -1.2560963327032905E-004  -4.1916980881212724E-004
   3.8781714177619033E-004   3.5082483915575119E-004   1.6749911510348099E-004
  -8.3467121482425305E-004  -5.0694910769207892E-004   9.7548183556487352E-004
  -4.3330461694790761E-004   2.3793676636633452E-004   4.7103874503206313E-005
  -1.0271453394416481E-003  -1.0532578462478322E-003   7.2597848534225755E-004
   2.7931170532332115E-004  -5.0435085885339290E-004  -1.9257282870950476E-004
   1.6315847712707705E-004  -5.5427837651147863E-005  -1.9798822060454745E-004
  -1.3803451252427821E-003   2.4321828122859808E-003   3.9506842527873876E-004
  -1.8568201233889418E-004   1.0056781546160609E-004   5.5992684820615841E-006
  -2.1152884711710842E-003   9.2058811074221722E-004  -2.1761703354881358E-003
   3.9258698669253247E-004   5.7273960457570586E-004   2.0001888374890212E-004
   1.5434839382525274E-004  -5.7019892933212976E-004  -3.8340113800646293E-004
   4.0725470336234234E-004   5.1851423575452486E-005   6.8299117283332413E-004
  -5.3921497373889181E-004  -5.7891259418717473E-004  -5.0289968883333697E-005
   2.8368499068844211E-003   2.9156270795986151E-003   7.1256677774386126E-004
   6.7509185656869768E-005  -3.5835198374277054E-004   8.9301205346091847E-005
  -9.8476884485197754E-005   5.0811898757637220E-005   1.4713984575674636E-004
   1.3116233802045539E-003   3.2689726243373366E-005   1.2010553538217581E-003
  -1.2432167927462235E-004  -2.3218408914151502E-005   3.9207076314603807E-004
   1.9149134787138664E-003   1.0650372325728178E-003   3.4307574868219597E-004
   4.5400061324009895E-005  -2.1978914648187838E-004   3.6428772957666680E-004
   2.3414647584902261E-004   1.7368182902586583E-004  -3.9718152145000869E-004
   1.3805360681288868E-003  -1.8996532209423920E-003   3.1594432280391220E-004
   9.0229708743967126E-005  -2.2251553784154868E-004  -2.7635329038445906E-004
   7.0407433696593850E-004   1.6736230446449949E-003  -1.3277156796544728E-003
  -1.5068552126527811E-004   4.1950372265962534E-004   3.2666794666119284E-004
   2.6253231079691888E-005  -2.2580784541898822E-004  -4.1875547051055129E-004
   2.2162221062167493E-003  -1.6144318141985512E-004   1.8784324713560234E-003
   1.4202856475300517E-004   4.3555215087239452E-006   1.1025367067151088E-004
  -1.4587014485939972E-003   2.9656584009801794E-004   4.0762784565403544E-004
  -8.2980094707680739E-005  -5.4614751546423735E-004  -8.2870131191263200E-005
   1.5693647219690681E-004   3.0788736677844937E-004  -3.4429123912243430E-004
   1.0582026575235884E-003   2.2829485196368526E-003   1.5735223216312372E-003
  -6.2375337000539915E-004   7.1223541718342289E-006   5.7987003473470428E-004
   2.5045407847864302E-004   3.1063699277088051E-003   3.4500883268392832E-004
