 N     7.0        -0.09701321482870         0.08608075283503         2.52273839654199   14.00307401
 C     6.0         1.11399747782658         1.69446409600576         1.13297471966001   12.00000000
 H     1.0         2.02046200414105         3.28830127347518         2.25193698631705    1.00782504
 C     6.0        -1.11305684755407        -1.69600709184447         1.13061657818609   12.00000000
 H     1.0        -2.45942693945749        -2.63676014301534         1.99782264503932    1.00782504
 N     7.0         8.58333942492738         3.66800986017722         1.75103329261164   14.00307401
 C     6.0        10.38187073174100         1.88346195013597         1.96821087241589   12.00000000
 H     1.0        10.40870312219171         0.47239114939247         3.60211365772618    1.00782504
 C     6.0         9.14917172174034         5.27956144595286        -0.14120812733729   12.00000000
 H     1.0         7.96887260016740         6.90714804628669        -0.52144552560116    1.00782504
 N     7.0        -5.31112894460458         3.77534741024066         6.58533489657793   14.00307401
 C     6.0        -6.33814971042059         5.57629556112030         8.09596850330539   12.00000000
 H     1.0        -7.04892159822189         7.16342020038468         6.78587227314446    1.00782504
 C     6.0        -3.86286715821278         1.93932049254709         7.70234469672235   12.00000000
 H     1.0        -2.52850347469199         0.36922380352355         7.14367841620260    1.00782504
 N     7.0       -13.18676313469308         7.00232337631025         7.81874862535202   14.00307401
 C     6.0       -15.14655147721015         5.37552109537875         7.72340465803690   12.00000000
 H     1.0       -15.01786642603112         4.17431926624727         6.14824245892934    1.00782504
 C     6.0       -13.40315760595711         8.79634354964525         9.69066331622850   12.00000000
 H     1.0       -11.72306487624433        10.41792314980310         9.71331122333452    1.00782504
 N     7.0        -0.24748027056762         0.42210388906884        -2.93793329457047   14.00307401
 C     6.0        -1.57395172870165        -1.41954493180266        -1.55694061082021   12.00000000
 H     1.0        -3.14612557590895        -2.21712017547498        -2.68022668695201    1.00782504
 C     6.0         1.27361421314856         1.78581581558252        -1.61513041813430   12.00000000
 H     1.0         2.59701534959912         3.37501562030501        -2.86645372226888    1.00782504
 N     7.0        -8.19690113428483        -3.67034266528929        -1.46998841512000   14.00307401
 C     6.0        -9.93295503947257        -1.99395851086547        -1.61749838309356   12.00000000
 H     1.0        -9.95654660059367        -0.48194274042939        -2.81290133523788    1.00782504
 C     6.0        -8.66967365301527        -5.34122350184173         0.54055287000723   12.00000000
 H     1.0        -7.51035046888314        -6.92588209239937         0.87671266800574    1.00782504
 N     7.0         4.88458990752406        -3.51788125938642        -6.91087123657674   14.00307401
 C     6.0         6.20621137823774        -4.98808662681037        -8.34253384299176   12.00000000
 H     1.0         7.85150905119310        -6.14774454021392        -7.45708450846380    1.00782504
 C     6.0         3.32243744674692        -1.81219164553269        -7.94978457606256   12.00000000
 H     1.0         2.10506729233048        -0.52551490245413        -6.73997521179557    1.00782504
 N     7.0        13.34452485981161        -7.30968731763054        -7.43212815414466   14.00307401
 C     6.0        15.07692942151289        -5.70710905837500        -7.31648600924129   12.00000000
 H     1.0        14.75403502030415        -4.27323327874887        -5.72019553394457    1.00782504
 C     6.0        13.80563869363395        -9.26840463195329        -9.31108441145754   12.00000000
 H     1.0        12.54783068414101       -10.78282908777235        -9.34864971032544    1.00782504
