   2.9243045164813159E-004   3.7048447641532768E-004   2.4182194413852311E-004
  -2.6760115780448960E-004  -2.7116212012122490E-004  -1.4366642855458470E-004
  -6.6881989612181105E-004  -2.7220100195920558E-003   9.7067081089176257E-004
  -9.7938200711742023E-005   4.1506520073248646E-004  -3.6879539645579354E-004
  -2.3690463266647232E-004  -9.0945050523579484E-004   3.1106697173202999E-003
   1.5605023666219911E-004   2.5095310298036712E-004   1.0003214549865057E-004
  -1.1443795126662563E-004  -2.1207125503277827E-004  -2.4228465052555714E-004
  -6.6958988822517988E-004   9.6984616920935140E-004  -3.2001349296249484E-004
   1.8342867198324053E-004  -5.4661422124740208E-004  -3.1077900550140409E-004
   8.0398189109983167E-004   7.8708103002332651E-004  -1.0227026651339942E-003
  -9.8416550931791345E-005   1.4193657268250711E-004   8.2603839971571378E-005
  -3.1064088495936018E-004   7.2542460321755502E-006  -2.0457381762999398E-004
   5.2105511445905658E-004  -2.2471320266867103E-003   3.1951201213039433E-004
   8.1314497015183635E-005   2.4227497184331438E-004   1.8137506688772835E-004
   2.2492320032603251E-004   1.7357938452978823E-003   1.3955474645355472E-003
  -4.5818463570198740E-004  -6.6630014598740119E-004   2.9727143848891954E-004
  -7.9253005671234527E-005   5.4164789492931276E-004   6.6370114686970091E-004
  -9.2852041560955736E-004  -6.3447898064356489E-004   1.8915168495893959E-004
   3.5165349779513536E-004   1.2982463494975931E-004  -4.2954328120120062E-004
  -2.0663003861533785E-003   4.1130752547638655E-004   1.0227359800047550E-003
   1.1370233255028745E-004  -2.3240868047959699E-004   1.2941328587445872E-004
   1.4715290552788605E-004  -2.9676929432496653E-004  -3.1405662270008291E-004
  -8.3632551836764954E-004   1.3468069764438115E-004  -1.7210088206669001E-003
   2.7403455173141016E-004   5.2548315603655638E-004   4.3608903944676526E-004
  -4.5617746019457721E-003  -2.9997961966412045E-003  -4.9964932100664944E-004
   1.9193864274004668E-004  -8.8868415878070808E-005  -1.4116414715910176E-004
  -2.9974725817508098E-004   1.2356966805411167E-004   2.0653513118394119E-004
   3.3726951578284532E-004   2.2181452371672476E-003  -1.0066250559373237E-004
   1.6809047074010000E-004   2.3796288793170061E-004   7.0499094710556858E-007
  -6.1738841567193965E-004  -1.9547382616245004E-003   6.8614240898028404E-004
   3.8394767002785009E-004  -8.6738204434689401E-005  -5.6871742567376083E-004
  -7.7019718569676962E-005   9.6116197948536671E-005   4.6750207605291501E-004
  -8.8924799517949027E-004  -1.2408800337913662E-003  -3.6998912224043168E-004
  -1.7422811986005557E-006  -2.3405060332537880E-004  -4.0796172780364464E-004
   1.4042853752939204E-003  -3.9457843917224249E-004   7.6928457117468358E-004
   1.4801437787386224E-005   2.6350156818656136E-004  -1.8584908475611795E-004
   1.8374649699699809E-005  -3.9741330984838593E-004   6.0053808165516089E-004
  -1.2293726298897784E-003  -1.4255947904278500E-003  -7.6153598060045200E-004
   2.8411909343689575E-004   4.9206297622031241E-004  -9.1821770235754802E-004
   2.2586432583732376E-003  -2.7783369905183212E-003   9.1074616991016876E-004
