   5.9200697156054642E-005  -1.8172035217776719E-004  -4.1972208926947417E-004
  -1.0754764731620294E-004  -2.1996760667367576E-005   1.9134106510554474E-004
   1.9516452449636250E-003   3.1293337350304885E-004  -8.1686925171333856E-004
  -1.0892904455270233E-004   5.4290492287702922E-004   4.8597326368920931E-004
   4.6673677216780830E-004   6.1263639897039010E-004  -6.8903886706341586E-004
  -1.1582936411337185E-004  -7.0102038966653594E-005   7.6624524687639056E-007
   2.6254579156709371E-004  -8.7774009968961478E-005   2.6887475539666514E-004
   1.8343555197277855E-003  -6.0096734958051319E-004  -1.3362721384286022E-003
  -3.7721379782291184E-004   3.0062671960003214E-004  -5.6494209085714443E-004
  -8.5609975196578513E-004   8.2028848322998214E-004  -4.6313340846995256E-005
  -2.3377623801669592E-004   2.8158429345551958E-004  -4.1168121945288187E-004
  -1.5570348307119810E-004   5.0371870274434276E-004  -1.3255994777042614E-004
  -2.1874005715751772E-004  -1.2478277493545211E-003  -2.3844576614045804E-004
   1.0022907653025163E-005  -6.6051257898045552E-005  -2.1368699634766460E-004
   7.1930815910596895E-004  -3.1189020263580028E-003   2.7811562880712521E-003
   2.4817059779821894E-004   4.3792374648799746E-005   6.2376082699692377E-005
  -1.9973998648443957E-004  -1.1980893275232643E-005   5.4572461609338695E-004
   4.3216836673391280E-004   3.4332123364885900E-004   3.3161388041032404E-004
  -4.0740023748243469E-004   2.2676947431701336E-004   1.9274715811670547E-004
  -3.0630215452307026E-003  -4.1439289230878794E-003  -6.1076767430101315E-004
   4.3255883508745002E-004   4.4991325973063392E-005   4.6692775906932515E-004
  -2.7847663112723109E-004  -4.4083723403723189E-004  -2.8774348093534637E-004
  -1.3271291027385948E-003  -2.5164933036883699E-003  -2.3066685820697314E-003
  -4.7843012873865674E-004   7.0470370619574589E-005  -9.3927446809828350E-005
   3.7250395505046916E-003   1.4017804910163504E-003   1.3287223932967071E-003
  -1.3319455197757430E-004   1.8835107397336968E-004  -2.3957223027378356E-005
   5.0849005985049316E-004   2.6173977148454122E-006  -2.9911360013805345E-004
  -4.5922929522855840E-005   1.0235546905227204E-004   4.6108178622126248E-004
   1.6356830271691821E-004  -3.3697766556665503E-004   2.7275175762491431E-004
   2.1489231340791239E-004  -7.7514399256555107E-004  -3.4442176944893038E-004
   3.8379904107394198E-004  -7.7613270977299116E-005  -5.0667100977528681E-005
   4.2509658988532800E-004  -2.8483073192686056E-004   6.1017838627111694E-004
  -2.4753364193604525E-003   1.0741106590054614E-003  -8.3126930656078114E-004
  -3.5145979446664632E-004  -1.4774123039946712E-004  -1.1178424625837601E-006
   1.8265303854328027E-003   5.5551288373623185E-004  -2.1171093293357954E-003
   4.5676139072989486E-004   3.0352684029569385E-004  -4.0135464457075645E-005
  -1.6046520212692161E-004  -5.0466339412903283E-004  -9.8584045149131927E-005
   3.1969108191469864E-004  -2.8859697844400177E-003  -2.0091182915756732E-003
   1.7905393674629808E-004   4.5444675298799369E-004  -3.9417010184399927E-004
  -1.8903718538899297E-003  -1.1894090110290412E-003   1.3417349142769935E-003
