   5.9913419813746389E-005   2.9463477310917643E-005  -1.2935329230930273E-004
   1.5020052596150581E-004   4.7562301292450120E-004   1.4285197591388415E-004
  -8.2948465662293128E-004  -5.8394121354086992E-004   3.3822343587137097E-004
  -4.0361438672872462E-004  -2.4624628673505029E-004  -2.5753330634819958E-004
  -3.9847941750025879E-004  -2.5726914952270198E-003   1.2662513062247139E-003
   2.1311849881882068E-004  -2.0429242689911660E-004  -5.2331307674769085E-004
   1.7732060230549011E-004   2.8861002576680516E-004   1.6441279411480100E-004
  -1.1732712207141894E-003   2.2795666966564016E-003  -2.2641420458056771E-004
   1.9654194064012693E-004  -2.6224903316989506E-005   1.4270727493578996E-004
  -1.0182358024302379E-003  -4.0169611448305633E-004  -4.3286558979034086E-004
   1.4839890724032876E-004  -2.7904203970861220E-005   2.0825118330665193E-004
   3.2352244172874388E-004  -4.3792167183148652E-004  -3.1330265919784188E-004
   4.8505093018772453E-004  -1.6422144935044737E-003   1.5810518711206567E-003
  -5.7133520132062288E-005  -2.3839199323866144E-004  -5.8027461026312021E-005
  -1.9326135818469911E-003   1.5229438445790531E-003  -3.2963906075670298E-003
  -9.3466122489443667E-005  -9.9205152918080931E-005  -7.1268634434829144E-005
   7.0003645791069657E-004   5.7099248018486110E-005  -4.7112018559000815E-004
   3.7433718650418458E-004  -1.1264744752502184E-003  -7.8818952199295766E-004
   4.0568706462369675E-004   2.9512045151592041E-005   8.7876381871956728E-005
  -2.7706087454107370E-003  -2.1227311991266905E-003   8.0145288990458744E-004
  -8.5892377077385413E-005  -3.7285841393614664E-004  -5.0363876684280047E-005
   3.6947199343422113E-004   6.7959806486368908E-004   2.0712795376900647E-004
  -5.7385382608882119E-004  -2.0288795239470593E-003  -2.8070714992030826E-004
   1.7191576456396126E-004   1.8161900215307955E-005   1.2957999606197056E-004
  -1.1610619072708092E-003  -1.3091122722542917E-003  -2.1858426727207393E-004
   1.6864556896859805E-004  -2.0351308472518347E-004   2.4316978117715844E-004
  -4.2791489363116629E-004   1.2369602231715958E-004   1.4296217302549213E-004
   7.5424762797762182E-004   2.2517866959774916E-004  -1.5138683763033941E-003
  -1.3809172267745312E-005  -4.6879950100542975E-005  -4.4142596880721046E-004
   1.1515519881535768E-003  -5.7928004041149722E-004   3.8983746342716256E-004
  -1.3958345018137705E-004   2.5807011636352781E-004   1.3817809091924824E-004
  -1.0168336524031984E-004   1.4065777750221290E-004  -1.0137987914771546E-004
  -1.2401311621514396E-003   1.2109186318536530E-003  -1.5694167487280111E-003
   9.2365775666443362E-005   3.5512998322156496E-004   5.2716443796616360E-005
   2.1862483282735217E-004  -1.9947861026705085E-003   2.1912213329984167E-005
  -4.8888827546333306E-004  -4.4440413701983008E-004   3.3651275874502077E-004
   1.7439898358631722E-004   8.9410133097002971E-004   2.1405491581122368E-005
   6.5175976137289736E-004  -3.2995305627793594E-004  -1.6071404866861826E-003
  -3.2641726638926320E-004  -4.9882223825332815E-005   6.0829422868499173E-004
  -2.6355188820637063E-003  -1.2094217613030779E-003  -2.2296413420867019E-003
