 N     7.0        -0.08884990975018         0.09836664688775         2.49090902767133   14.00307401
 C     6.0         1.11840042702256         1.75371117538905         1.17239785141004   12.00000000
 H     1.0         1.83395269556554         3.13595082319711         2.37987564907410    1.00782504
 C     6.0        -1.15440015237185        -1.73047345068448         1.10075478962818   12.00000000
 H     1.0        -2.61178219583767        -3.06968291422450         2.30449736892914    1.00782504
 N     7.0         8.62881865605956         3.62517396243274         1.65683371571036   14.00307401
 C     6.0        10.40652015102534         1.94038326695841         1.98042929668852   12.00000000
 H     1.0        10.23810752157693         0.81486630797296         3.71713968314027    1.00782504
 C     6.0         9.20323061704053         5.27931320374033        -0.12917336932438   12.00000000
 H     1.0         7.90495300852817         6.77691099387973        -0.64117372354690    1.00782504
 N     7.0        -5.28797167382204         3.79181249222886         6.63825120521989   14.00307401
 C     6.0        -6.27308008367881         5.46621376321644         8.06994735662152   12.00000000
 H     1.0        -6.99307226575211         6.94984906602587         6.86424338516333    1.00782504
 C     6.0        -3.87959191080448         1.89362632759065         7.68022974093157   12.00000000
 H     1.0        -2.73679577654739         0.48735136184087         6.58918752441631    1.00782504
 N     7.0       -13.22234818973107         6.94933231291990         7.78886058052692   14.00307401
 C     6.0       -15.01537883323785         5.40014708946183         7.64855162409286   12.00000000
 H     1.0       -14.93507770351004         4.02558774024107         6.04337112220796    1.00782504
 C     6.0       -13.33164839318121         8.79143485323439         9.71324055663487   12.00000000
 H     1.0       -11.90474733146555        10.38953341155438         9.85640420542100    1.00782504
 N     7.0        -0.25638766642825         0.37140741487205        -2.94996071595466   14.00307401
 C     6.0        -1.53793404241587        -1.31715402023267        -1.53793469162035   12.00000000
 H     1.0        -2.95509596480673        -2.35150250862383        -2.55560677344911    1.00782504
 C     6.0         1.32665499988643         1.80386777260627        -1.62607463136618   12.00000000
 H     1.0         2.14420757997924         2.86278957857827        -2.79428626817388    1.00782504
 N     7.0        -8.17340701554235        -3.69031634203298        -1.43840355939111   14.00307401
 C     6.0       -10.01795216770679        -1.98005453254120        -1.57417402403036   12.00000000
 H     1.0        -9.91470627502877        -0.37248119192795        -3.10809137745740    1.00782504
 C     6.0        -8.66520977001092        -5.36115714228145         0.47254032044914   12.00000000
 H     1.0        -7.44986717606470        -6.99567027055352         0.99146734952519    1.00782504
 N     7.0         4.86625453443047        -3.48591076714863        -6.90470533977248   14.00307401
 C     6.0         6.14819783702182        -4.91762385283174        -8.35342238032339   12.00000000
 H     1.0         7.85370224174267        -6.12278541704843        -7.70240461333196    1.00782504
 C     6.0         3.35804273856627        -1.75515732350217        -7.96691428625717   12.00000000
 H     1.0         2.01173942473363        -0.76842049155757        -6.58547702576803    1.00782504
 N     7.0        13.25441946070998        -7.36190738670446        -7.34682644165326   14.00307401
 C     6.0        15.08761946374935        -5.56354050610140        -7.33123592979528   12.00000000
 H     1.0        14.77751136243578        -4.17913146754796        -5.76708635908161    1.00782504
 C     6.0        13.74786318053564        -9.32043338170235        -9.22859977616239   12.00000000
 H     1.0        12.30909071838431       -10.80347779390786        -9.75173174854945    1.00782504
