 N     7.0         0.00937084397594         0.05141213288187         2.35442526620324   14.00307401
 C     6.0         1.10882337883428         1.88945023516342         1.18295006112942   12.00000000
 H     1.0         2.47007266224565         2.94411312619079         2.14739356494152    1.00782504
 C     6.0        -1.42420829700736        -1.50316533847286         1.13371325703739   12.00000000
 H     1.0        -1.85641450261137        -3.42854716370111         2.28331301670989    1.00782504
 N     7.0         8.62786933136422         3.60667089024615         1.53754884645240   14.00307401
 C     6.0        10.59829366524361         1.98782090115779         2.07498237200940   12.00000000
 H     1.0        10.49494015394137         0.55711511546212         3.59044127948419    1.00782504
 C     6.0         8.97326485160708         5.36443406781892        -0.37087384923108   12.00000000
 H     1.0         7.54692375840750         6.81760088946490        -0.67964501039041    1.00782504
 N     7.0        -5.31639440191158         3.79789066395000         6.47788094156987   14.00307401
 C     6.0        -6.30238783941921         5.58055140842148         7.90355411227397   12.00000000
 H     1.0        -7.58427099487598         6.84019665463659         6.89669497956845    1.00782504
 C     6.0        -3.90550111548143         1.92079925584449         7.60864850618069   12.00000000
 H     1.0        -3.12441952249994         0.13781594013296         7.27127647762489    1.00782504
 N     7.0       -13.12848268862916         6.97066685819429         7.91534971656569   14.00307401
 C     6.0       -15.02492947414879         5.37353232730999         7.86306140144763   12.00000000
 H     1.0       -14.84329448568680         3.97610231958306         6.31347051104991    1.00782504
 C     6.0       -13.62015920647224         8.68784425329162         9.69186224004062   12.00000000
 H     1.0       -11.97182964766490        10.23628413561181        10.22377276719378    1.00782504
 N     7.0        -0.06304688796497         0.22282658006564        -2.73984784846585   14.00307401
 C     6.0        -1.67194260881406        -1.54345153627789        -1.69978800123465   12.00000000
 H     1.0        -2.75730733847485        -2.66867496393391        -2.90577497266319    1.00782504
 C     6.0         1.21622090627956         1.95925824938863        -1.46007944329089   12.00000000
 H     1.0         2.80295123559354         2.73967469971213        -2.26911023985008    1.00782504
 N     7.0        -8.16802848426012        -3.70996434498716        -1.36195631698830   14.00307401
 C     6.0        -9.84935662991992        -1.91071503274456        -1.73304804679215   12.00000000
 H     1.0        -9.42549907933513        -0.23609108152891        -3.13831036362597    1.00782504
 C     6.0        -8.53739078147035        -5.51368216691660         0.47013176511488   12.00000000
 H     1.0        -7.28739936134289        -7.20586563837725         0.70050968759559    1.00782504
 N     7.0         5.04108036695505        -3.41609459407665        -6.96567989525376   14.00307401
 C     6.0         6.21966012992048        -5.00372144610625        -8.16197027086728   12.00000000
 H     1.0         7.91756453323465        -6.34168672534169        -7.25118154719918    1.00782504
 C     6.0         3.30328966978078        -1.87285362319415        -8.00822459490130   12.00000000
 H     1.0         2.28116551646930        -0.29013763233485        -6.89539751709306    1.00782504
 N     7.0        13.41924088726762        -7.33575419607211        -7.40008865845097   14.00307401
 C     6.0        15.05221618164019        -5.78768033940882        -7.40174907564186   12.00000000
 H     1.0        14.98379050099025        -4.38590964918384        -5.76053773832386    1.00782504
 C     6.0        13.64848487089546        -9.07655686584933        -9.38053083614322   12.00000000
 H     1.0        12.49454211406592       -10.68878946858196        -9.05029019579514    1.00782504
