   1.4730983371734490E-005   9.8672715741948856E-005  -2.0865566516682874E-004
  -1.4746175321777777E-004   7.5653821265190662E-005   2.5083979670429882E-004
  -1.0501013791977757E-003  -7.8792583155336542E-004   1.2456411461493218E-003
  -1.9857018197435549E-005  -1.1882960977140776E-004  -3.0085433507284725E-006
  -7.0085577098788010E-004  -1.3847507187675504E-003   1.5719881917455201E-003
   2.6849291097108096E-004  -2.4929094384240494E-004  -4.5619041687170939E-004
   6.6862844365653417E-005   3.1078472431301493E-004  -6.4608686175596678E-005
  -4.9251721444035625E-004   1.0773701931086090E-003   1.7212201338654431E-003
   3.7863833922860028E-004   3.4493937753367827E-005  -3.6372652874501691E-005
   4.9722954051032418E-004  -9.8951391925659947E-004  -8.8918997340822433E-004
   9.3498011695661033E-005   2.1532416905638090E-004   3.5219214120854017E-004
   3.4493954970223479E-004  -7.3461602596631710E-004   1.0428020868205995E-004
   7.3232343173759474E-006  -3.7719673727376927E-004  -1.1104426438002890E-003
  -1.2604636892538774E-004  -2.3637129450181064E-004  -1.9440174418634953E-004
   2.7875901437656785E-005  -5.1527652673041509E-004  -2.2413071160082747E-003
  -2.7680144888647592E-004  -4.8043678063130037E-004  -2.6183296669964995E-004
   6.1493427709683715E-004   1.9703630857101375E-004  -2.8089350856008136E-004
   4.8997251850387328E-004  -1.9740593969072633E-004  -3.1907786354746521E-005
   3.2544676368510063E-004  -1.0478639179547860E-004   1.5751907229560755E-004
   1.4196346584115390E-003   2.3617955965272029E-003   6.1935992270157236E-004
   1.0537929785953265E-005  -1.2250421661108926E-004  -8.0970283831324755E-005
  -2.7745050147919579E-005   3.6412066529134226E-004   5.6143035664562189E-006
   2.6528865367049805E-003   7.3285061691285333E-004   1.5402463045947124E-003
   3.4231279607874611E-004   9.2223811019280380E-005  -2.0009405129076645E-004
  -3.0149421231542755E-003  -3.2984442137095425E-003   1.9553904291770831E-004
   5.2397636498585819E-005   2.9700878237013434E-005   6.6358597019601024E-005
  -4.2786549829909403E-004   2.9979312053896051E-005   2.9288364532017443E-004
  -5.1326174817300976E-004   6.0415513563671268E-004  -1.2291384867080723E-003
   7.8759142658244764E-005  -1.8800838768365396E-004  -2.4065185821662739E-004
  -8.4908109674327334E-004   4.2115410302625255E-005   8.2843693128160402E-004
  -4.6682554724108639E-005   5.6745125851764245E-005  -9.6528228006095512E-005
  -5.4112678371556679E-004   6.3687259295384534E-004  -1.7925777738175777E-005
   1.5768938024183906E-003  -1.2134432868637741E-003  -8.8313988119490731E-004
   3.0271259820158859E-004   2.2583398874338083E-004  -2.6390204889278337E-004
  -1.3629422033660499E-003  -2.9768018791356268E-004   1.7173208752795576E-003
  -4.3606617135801261E-004  -3.5074334318854640E-005   5.9175333321459880E-004
  -1.1885378727921171E-004   5.2616889864951822E-004  -2.0885577493296595E-004
  -5.5039591581085572E-004   1.5345453724370820E-003   1.4440799799045976E-003
  -2.5132622231107744E-004  -5.5734473855663651E-004   1.8419378044428291E-004
   6.8958090382357704E-004   1.4716651135331278E-003  -1.9453207697677922E-003
