   6.4101595942086316E-005  -3.6654135956011994E-006  -1.1695772033617043E-004
   1.9126031222790608E-004   5.0657221111040254E-004   7.5759035501170435E-005
  -6.0352585946980418E-004  -7.5193815648111128E-005   3.9388733644753849E-004
  -5.0866856021121681E-004  -2.7773180953888853E-004  -2.6865529721135792E-004
   2.4518308660505960E-004  -2.2594898986823451E-003   7.2724753442752251E-004
   2.0937811807805016E-004  -1.9131240243692237E-004  -5.3545343730541440E-004
   1.9927937042589822E-004   2.8216909272836186E-004   2.0566132397889872E-004
  -1.2055739498181581E-003   2.2519387055424060E-003  -4.3762596649227372E-004
   1.1828067097795566E-004  -1.1660313927880146E-005   1.6874409568116232E-004
  -1.2707017110102350E-003  -3.5488516466057553E-004  -3.1848750837852396E-004
   1.7356285941067185E-004  -1.0752886974040127E-004   1.5809334598327395E-004
   2.9035306041591509E-004  -3.7996239848086134E-004  -3.6757201461790973E-004
   4.8052959813823295E-004  -1.5866880748669453E-003   1.9596560746454185E-003
  -4.8794198199061527E-005  -2.0126890914004748E-004  -4.5280317751731096E-005
  -2.2784542970921825E-003   1.8420211311722130E-003  -3.2190339293532311E-003
  -1.9849381877846330E-005   1.1421719120732253E-005  -2.9079036295636961E-005
   6.3724929097696257E-004  -1.6766716799837275E-005  -4.8942745098066141E-004
   3.2454859073899437E-004  -1.0711107551190050E-003  -6.2509154262913665E-004
   3.8498790451631481E-004   4.2592200611955509E-005   8.0215986852267307E-005
  -3.3242553833023780E-003  -2.8583926156903802E-003   7.4003192124189217E-004
  -9.5596933481695003E-005  -4.0901790478571468E-004  -3.1869366026931023E-005
   4.0522303064505162E-004   7.0827729890205523E-004   2.4624637854842041E-004
  -9.8004089557285888E-004  -2.4247986949941869E-003  -5.3496312972851825E-004
   3.5413295455513429E-005  -1.2528291617843043E-004   3.2009667895636505E-004
   4.2993211260638570E-004   5.9772064381795418E-004  -1.6864030381697065E-003
   1.4949574251619889E-004  -2.2851927207971699E-004   2.8884839319500132E-004
  -3.5980971689430271E-004   1.6417715856293391E-004   5.0662243364783597E-005
   9.3059542377737408E-004  -2.7585268218111410E-004  -1.2130398884413098E-003
  -5.6791660016907397E-006  -6.1396284068309192E-005  -4.5425829149424278E-004
   1.3195622735991521E-003  -3.4404228045882362E-004   2.0652149415674686E-004
  -1.6620703661671690E-004   3.0523754204753639E-004   1.8808245242764069E-004
   7.4474760519840879E-006   3.1232777889920388E-005  -1.3634824518236581E-004
  -1.7620961782017961E-003   1.6470818424899167E-003  -1.5779272203384428E-003
   5.1797660986499136E-005   3.5227838438766680E-004   1.2949375463776382E-004
   5.9790288421657288E-004  -2.1515460400318262E-003  -4.4701293748310530E-004
  -4.6038208419248882E-004  -5.0075561809219361E-004   2.8020275260521178E-004
   2.0401190541777229E-004   8.9895924477622442E-004   4.6974640426614289E-005
   8.9484838548458681E-004  -6.1538338987466191E-004  -2.1390039461757289E-003
  -3.5699597970469869E-004   1.0357166039276105E-005   6.4623016972516461E-004
  -2.6868332820018503E-003  -1.0384039074729716E-003  -2.0954679237471011E-003
