 N     7.0        -0.09118576853408         0.09805189578413         2.49540494534197   14.00307401
 C     6.0         1.11181118439233         1.73524939505121         1.16868355070560   12.00000000
 H     1.0         1.85950035695916         3.14574393771352         2.36621743090959    1.00782504
 C     6.0        -1.13685353822576        -1.72055626852281         1.11063529397699   12.00000000
 H     1.0        -2.61219460323971        -2.98126149884347         2.27019333408438    1.00782504
 N     7.0         8.62102165248775         3.63247394785167         1.67655580764659   14.00307401
 C     6.0        10.39942425457487         1.92976051513094         1.97332787832832   12.00000000
 H     1.0        10.28247754598228         0.73052529626043         3.73101599863342    1.00782504
 C     6.0         9.19779370246433         5.27998049968007        -0.13514621814395   12.00000000
 H     1.0         7.94893018362637         6.79052166093735        -0.62778893524617    1.00782504
 N     7.0        -5.29410309411442         3.79476027636243         6.63168923335071   14.00307401
 C     6.0        -6.28426503385076         5.48111822174346         8.08290259295538   12.00000000
 H     1.0        -7.01104789790958         7.00999548188733         6.79610874104715    1.00782504
 C     6.0        -3.87773035298932         1.90161184840886         7.68207627240253   12.00000000
 H     1.0        -2.65655095846576         0.42287051718967         6.71005710128176    1.00782504
 N     7.0       -13.22066608623985         6.95033539375745         7.79045321562845   14.00307401
 C     6.0       -15.03979150938253         5.39974110719062         7.66649475304497   12.00000000
 H     1.0       -14.94789793173953         4.06646169852344         6.06912056099548    1.00782504
 C     6.0       -13.34616453162549         8.79005301719925         9.71011406845368   12.00000000
 H     1.0       -11.78825126287802        10.48633168038983         9.82798836610736    1.00782504
 N     7.0        -0.25294289372301         0.38615830121496        -2.94851176924591   14.00307401
 C     6.0        -1.55260465408887        -1.34317664544211        -1.54662328840988   12.00000000
 H     1.0        -2.92332044585877        -2.26599369652030        -2.53873455061968    1.00782504
 C     6.0         1.32350819904280         1.80662245811277        -1.63546893754861   12.00000000
 H     1.0         2.14929187677305         2.86578216436536        -2.75107413780583    1.00782504
 N     7.0        -8.17932188404935        -3.68209293845579        -1.44847508605675   14.00307401
 C     6.0       -10.00362884820006        -1.98558442067363        -1.57731890625407   12.00000000
 H     1.0        -9.94689013516969        -0.36892497449322        -3.05930318809248    1.00782504
 C     6.0        -8.66488324847463        -5.35916968509412         0.48931120406894   12.00000000
 H     1.0        -7.49688108578543        -6.97938613608105         0.98129845057349    1.00782504
 N     7.0         4.87211391586549        -3.49663408087060        -6.91105725136470   14.00307401
 C     6.0         6.14932920917710        -4.92023611257555        -8.34879986655494   12.00000000
 H     1.0         7.91259473602082        -6.17828027084387        -7.64359813265752    1.00782504
 C     6.0         3.35559475647828        -1.76833484189603        -7.97069356413271   12.00000000
 H     1.0         1.99435606995558        -0.69045872814866        -6.57508792910842    1.00782504
 N     7.0        13.27194151439594        -7.34398173397113        -7.35798116372913   14.00307401
 C     6.0        15.08028630163309        -5.59686181345878        -7.33261719013565   12.00000000
 H     1.0        14.74774687005445        -4.16029595217405        -5.69473063677224    1.00782504
 C     6.0        13.76060644264876        -9.32016521899989        -9.25208567216854   12.00000000
 H     1.0        12.40890665322753       -10.76165453463192        -9.67192571026534    1.00782504
