 N     7.0        -0.01376833695890         0.02155014191427         2.33477469575237   14.00307401
 C     6.0         1.13056064481950         1.91193017313108         1.19502953861839   12.00000000
 H     1.0         2.52069462969954         3.15742959594186         2.06325421214133    1.00782504
 C     6.0        -1.41634994401055        -1.53594527691395         1.16353387864707   12.00000000
 H     1.0        -1.83730701538018        -3.36534015803158         2.03592216791140    1.00782504
 N     7.0         8.61486372008339         3.58600761269150         1.52966793140897   14.00307401
 C     6.0        10.60738327388578         2.00487952373515         2.09526587414860   12.00000000
 H     1.0        10.55121254735577         0.47511866861953         3.61489416553059    1.00782504
 C     6.0         8.95728421753493         5.40990696200363        -0.34557548093986   12.00000000
 H     1.0         7.48114037373865         6.75546085644706        -0.59555933435149    1.00782504
 N     7.0        -5.30885493337275         3.78713431556106         6.47175653163926   14.00307401
 C     6.0        -6.27664270084320         5.57959351406416         7.92053173681380   12.00000000
 H     1.0        -7.62723053567304         7.02330260045966         6.86795758889568    1.00782504
 C     6.0        -3.91196560865278         1.90021094103310         7.59303841505426   12.00000000
 H     1.0        -3.14526081554237         0.00075028249692         7.16674594928206    1.00782504
 N     7.0       -13.09126525484937         7.02442926426990         7.89101158965300   14.00307401
 C     6.0       -15.01890274469488         5.33034207258644         7.81045187085717   12.00000000
 H     1.0       -14.76679114205241         4.02640938334112         6.29410544360332    1.00782504
 C     6.0       -13.65017243127006         8.67617112152552         9.72664589334485   12.00000000
 H     1.0       -11.79578475637901        10.21187171757953        10.14442520737270    1.00782504
 N     7.0        -0.07162263077415         0.24200943814198        -2.75091993362548   14.00307401
 C     6.0        -1.68530155510504        -1.52069939554587        -1.67479512885242   12.00000000
 H     1.0        -2.68551410687021        -2.67568757443080        -2.76264953822744    1.00782504
 C     6.0         1.19465031696267         1.91780880518431        -1.49544142881790   12.00000000
 H     1.0         3.16516447216497         2.97564824610590        -2.22057519868119    1.00782504
 N     7.0        -8.18380922563751        -3.70263434345792        -1.35054937531473   14.00307401
 C     6.0        -9.82430057074850        -1.92103470993400        -1.75001150368945   12.00000000
 H     1.0        -9.45218866746558        -0.40836880696468        -3.13658862285520    1.00782504
 C     6.0        -8.55042304764878        -5.53352172354415         0.47004522391282   12.00000000
 H     1.0        -7.23419249488818        -7.05263461212090         0.64566805834839    1.00782504
 N     7.0         5.01107322425399        -3.41041473595607        -6.92090853411418   14.00307401
 C     6.0         6.22465370426075        -5.00933680865569        -8.19894945095426   12.00000000
 H     1.0         7.99956907747475        -6.24787221416354        -7.21664136385603    1.00782504
 C     6.0         3.30302785453822        -1.85428947675012        -7.97577440904283   12.00000000
 H     1.0         2.16258153689969        -0.25327625401913        -6.95520778986599    1.00782504
 N     7.0        13.42020773522186        -7.35509080671861        -7.38453957950358   14.00307401
 C     6.0        15.04851181869564        -5.75773057038871        -7.45156943824419   12.00000000
 H     1.0        15.08203169152233        -4.26804324953696        -5.69345090556105    1.00782504
 C     6.0        13.62631274219385        -9.11669844928254        -9.30705231192844   12.00000000
 H     1.0        12.31148112205335       -10.46250306371655        -9.12191983004084    1.00782504
