  -5.3135386427249659E-004  -1.3597373009294566E-004   3.0616848612924352E-004
   5.7410968173897186E-004   2.9638176566528993E-004   5.8229229482569640E-004
  -6.4939829858530538E-004   1.4121094164950647E-003  -8.8590618637241186E-004
   1.3448339669246224E-004   9.2162281473330242E-005  -2.7125902673163935E-004
  -3.4916956128528552E-003  -2.3333126602361714E-003   1.2201798489425710E-003
   3.0454807973984778E-004   1.5687868850288047E-004   2.1924445598626210E-005
  -4.4951617075947769E-004   1.5661547983400996E-004  -3.4185995681414351E-004
  -4.7844011318630409E-004   9.0140879993184681E-004  -2.1601980480284231E-004
   3.2363242604678262E-004  -5.5957942716651835E-004  -8.2398650550975075E-005
  -6.6579950348883094E-004  -1.3854463814870260E-003  -3.5983926212855799E-004
   2.5196655780688852E-004  -3.5604710948550813E-004   3.0676043596432871E-004
  -6.0304288087294504E-004  -3.5460408236426657E-004  -2.1355681407668941E-004
   2.0378940175928763E-004  -3.8062987357244209E-004   1.1694600702115521E-003
   3.0326905551301253E-004   3.4230695101961317E-004   4.4365235381992404E-004
  -6.4630225874588016E-004   3.8636535424777258E-003  -2.3104669834210015E-003
   4.5943516136235036E-004   1.7868727074240543E-004   1.5746497948784246E-004
  -3.9583611056786270E-005  -4.8404179497854192E-004  -5.7032895984218375E-004
   6.4218811493632871E-004  -1.5271489939652210E-003  -1.2777741116332442E-004
   1.6499726027396810E-004   3.5399700823714837E-004   3.0927048956397134E-004
   2.5103210373383041E-003   8.1750544782357721E-004  -1.2700133889482024E-003
   8.4569010750006757E-005  -5.2568558210560981E-005  -2.0631963448492817E-004
   5.6221648127071006E-004  -3.0058655927908700E-006   1.4451532897985164E-004
   9.0210884743134178E-004   5.5694339597719684E-004   1.9112677527848101E-003
  -2.4532455453458866E-004  -2.1287017349874449E-004  -8.0137058920524387E-004
  -2.1968694827719020E-003   8.8900447585224019E-004   2.4399861816432173E-003
   1.7924839633133395E-004   1.9022920493156543E-005  -1.0344280361585872E-004
   1.1477850491433946E-004  -4.8056521701987886E-004   4.7609834766988945E-004
   7.3044455253269724E-004   1.6312846200157093E-003  -5.3853418682374226E-004
  -3.0590441079968758E-004   5.2689794850183992E-004  -2.4021360331953617E-004
   1.1607533094928491E-003   8.3411452543706439E-005  -8.9675828478836660E-004
  -7.0622524449957802E-005   3.2193570287921487E-004  -7.7975580016573722E-005
  -1.0099063987989842E-004  -2.6151713662696599E-004  -6.8909463959953145E-004
   2.8009614315951270E-004  -2.0062884082788657E-003   9.3248929000841669E-004
   4.2402890051205860E-004   2.0120769674907205E-004  -1.4469351630509510E-004
  -1.4377201326112006E-003  -2.9986855874198417E-004   6.0140653001247582E-004
  -8.3757440064664021E-004  -3.4939365280787241E-004  -4.3590559483009609E-004
   4.5028830161091747E-004   1.7635520659961716E-004   5.1129546266555522E-004
   1.1622228969645945E-003   3.6394948261497155E-004   3.1003167172693672E-005
  -5.3978703356644532E-004   9.6134443964485575E-005   4.2133956540961492E-004
  -5.8275423248719074E-004   1.9873181079971188E-004  -1.2501766304174240E-003
