 N     7.0        -0.09577219729474         0.09198360255966         2.51015877890375   14.00307401
 C     6.0         1.10648132515994         1.70159956787777         1.14881800551592   12.00000000
 H     1.0         1.95359436623456         3.23467832920122         2.32136039312772    1.00782504
 C     6.0        -1.11530921676014        -1.70354322380072         1.12884300383894   12.00000000
 H     1.0        -2.51335407431438        -2.73803186815326         2.10334911564244    1.00782504
 N     7.0         8.59983297577983         3.65271153663028         1.72241247023267   14.00307401
 C     6.0        10.38649318350930         1.90269909455874         1.96523507535213   12.00000000
 H     1.0        10.37425478550607         0.54704732774088         3.69862345116233    1.00782504
 C     6.0         9.17208152533540         5.28138530808499        -0.14253827931187   12.00000000
 H     1.0         7.99262493072116         6.84749477406388        -0.57440834931178    1.00782504
 N     7.0        -5.30518080326331         3.78781299471975         6.60679845910555   14.00307401
 C     6.0        -6.31655129037361         5.53156276114583         8.10005466499748   12.00000000
 H     1.0        -7.04462470016717         7.13198105333390         6.73122642397683    1.00782504
 C     6.0        -3.87030239979656         1.92465994028689         7.69090464156269   12.00000000
 H     1.0        -2.53775182478739         0.34683832772282         6.99613014222726    1.00782504
 N     7.0       -13.20358823627212         6.97385694638990         7.80335678868425   14.00307401
 C     6.0       -15.10717413837111         5.38745788065997         7.70492242875792   12.00000000
 H     1.0       -14.98767901263217         4.15458388123149         6.13794952900629    1.00782504
 C     6.0       -13.38254680127427         8.79083196631734         9.70026764143767   12.00000000
 H     1.0       -11.65577906274036        10.54287950766774         9.75419168575578    1.00782504
 N     7.0        -0.24748969458455         0.41315710826075        -2.94288999825492   14.00307401
 C     6.0        -1.57397230724873        -1.39555443985824        -1.55654837171417   12.00000000
 H     1.0        -2.98987675021238        -2.18024792616679        -2.58740189037696    1.00782504
 C     6.0         1.29529539125572         1.79295851309837        -1.62774989414914   12.00000000
 H     1.0         2.40261546852883         3.15985698826862        -2.83986320620410    1.00782504
 N     7.0        -8.19290960996840        -3.66979171374088        -1.46505609109699   14.00307401
 C     6.0        -9.96021680218468        -1.99212838058590        -1.59914917855913   12.00000000
 H     1.0        -9.98161311195784        -0.43821400953670        -2.89754433144298    1.00782504
 C     6.0        -8.66535774410735        -5.35205833274642         0.52440016363998   12.00000000
 H     1.0        -7.55090527053078        -6.92875532820380         0.92709041251848    1.00782504
 N     7.0         4.88136922715305        -3.51346719596416        -6.91584414137642   14.00307401
 C     6.0         6.17429859253000        -4.95031612518886        -8.34369638518041   12.00000000
 H     1.0         7.93571575518785        -6.21202372867874        -7.51638082539875    1.00782504
 C     6.0         3.34028959483230        -1.79754653392733        -7.96470993630394   12.00000000
 H     1.0         2.02799811404998        -0.55316343512765        -6.63938253107543    1.00782504
 N     7.0        13.31702168506943        -7.31437177227924        -7.39671477862451   14.00307401
 C     6.0        15.07167481447757        -5.67166035230943        -7.32826935211387   12.00000000
 H     1.0        14.72570654923234        -4.18666135036401        -5.64398801723065    1.00782504
 C     6.0        13.78936956118332        -9.30061783054513        -9.29732094956498   12.00000000
 H     1.0        12.57089791935932       -10.70747183260667        -9.47149264525664    1.00782504
