   3.4101067537831838E-005  -2.4858546693813253E-004  -3.4195490999274126E-004
   1.9766604666618932E-004   5.0155373010702417E-004   1.6850537507060579E-004
   8.2864342514741478E-004  -1.6480026742080492E-004  -2.0292204606503026E-003
  -3.2716087116627449E-004   4.3375356317949581E-004   4.4142888603352283E-005
   1.0658985594339132E-004  -3.1944431912374507E-003  -2.8453563371429538E-004
  -1.2630260715838830E-004  -1.1076233413242618E-004  -2.1024713777996186E-004
   3.6669769192536285E-004   1.1255546622988401E-004   2.9824466824824046E-004
   8.0268097662394638E-004  -9.0852228989895211E-004  -3.0186930044996582E-004
  -5.3817608084136465E-004   4.1330307476416004E-004  -2.6975218802361664E-004
  -1.1903512303239206E-003  -2.6230746372699369E-004   6.1894504970102788E-004
   8.4580488935569054E-005  -2.4211690817563068E-004  -3.6791941717855421E-004
  -1.1141243575531464E-004   4.4635806827032570E-004  -2.0889378202605045E-004
  -3.5665837430782430E-004  -8.9726102748154007E-005   7.0241611685565187E-004
  -1.2813632884675538E-004   3.4194685612075419E-005  -2.0949767742225195E-004
  -7.9808038771636591E-004  -1.0266763776338071E-003   7.1286885974082320E-004
   4.6033537518589117E-004   5.2338730047552971E-004   1.8345918189529756E-004
  -1.4632842871976473E-004  -3.3896586743938361E-004   1.6688450734699833E-004
   7.4686912059065654E-004  -8.4336229954183161E-004  -7.1684337190431170E-004
  -6.7232560464813038E-004  -2.6138029123962808E-004   9.6113238253252000E-005
   6.8431675284052584E-004  -7.4111802089451380E-004  -2.2969839908505973E-004
   2.5101129265178495E-004  -1.7885085902205372E-004   3.2260009805692394E-004
  -3.8098624772557902E-004  -3.8092355433127275E-004  -1.2793328164187716E-004
   1.4615474281300365E-003   4.1440174044659451E-004   7.7511218585817336E-004
   5.7310761205364873E-005   3.8159447317481933E-004  -2.0400762936234203E-004
  -8.3024078910786075E-004  -2.6083238976757784E-003   4.8092518549527749E-003
  -6.2252350471009025E-005  -2.9441170024923406E-005   2.1276195463773169E-004
   4.8768547649801316E-004  -8.3987996728541629E-005  -2.4906336089903814E-004
   1.3982874066086218E-003   7.7519582388263530E-004  -1.9443586772257260E-003
   6.4772393900981192E-005  -2.7826542088342607E-004  -1.8857931877842997E-005
   1.4806354370105732E-003   1.9754936436198794E-004  -1.0985283558114839E-003
   8.7189144499118517E-005   2.2454161809166160E-004   1.9883216651674481E-004
   2.0930556436291883E-004  -3.1580541799400822E-004   1.6410374238984261E-005
   1.0286712388479799E-003   1.4419773234364047E-004   1.6142467356501438E-003
   4.9248914172123382E-006  -1.6686271298089716E-004   7.5487889197286702E-005
  -1.0829898156704282E-003   1.4704494514154902E-003  -4.1018300483312121E-004
   2.0250379774898057E-004  -2.8338089125759443E-004  -1.7319150976035820E-004
   6.0370830571481119E-005  -1.3835406652765723E-004  -3.3533432640083823E-004
   8.3387144634090632E-004   1.0027545439880532E-004  -1.4104897323384502E-005
  -2.1736959138568180E-004   3.8220061590790938E-004   2.5333378852882216E-004
  -1.2467005217298274E-003   1.2309236400372969E-003   1.1223681218343940E-003
