   4.3606847711646995E-005   8.7274605239841092E-005  -1.8512820011646339E-004
  -1.4729436196540811E-005   2.7022782402929564E-004   2.5234442170900192E-004
  -1.1339947809056766E-003  -1.0991076734365663E-003   6.8200304800925644E-004
  -1.2503916313093004E-004  -1.3975848566551540E-004  -1.5046945991135753E-004
  -1.4036346691509549E-003  -2.5770343748560539E-003   2.1019350308452579E-003
   2.4687665650019978E-004  -2.3477031950346614E-004  -4.8580081805880564E-004
   1.1535558353508714E-004   3.0168447270895822E-004   2.8924611660467433E-005
  -8.3379040782300209E-004   1.7318257881079665E-003   8.5370659139400340E-004
   3.3262795436152698E-004   4.5993154677234860E-006   3.2693134082874076E-005
  -7.0220609127959202E-005  -8.1116388401926724E-004  -7.0309904683830146E-004
   1.1033785609789346E-004   1.4135621828864400E-004   3.2190907873712077E-004
   3.6038536230107154E-004  -6.5414272285002574E-004  -9.2839924413276934E-005
   2.6594035444178516E-004  -1.0398190416040275E-003   4.2017207518055387E-005
  -9.7917783614279711E-005  -2.4163701646753277E-004  -1.3989310425301809E-004
  -8.5271953460070956E-004   3.0011333915815237E-004  -2.9077895012693073E-003
  -2.4164269423765497E-004  -3.5885045832091786E-004  -1.8782202379294424E-004
   7.2675183339024883E-004   1.8099107948473065E-004  -3.7564237899435942E-004
   4.7773052994865261E-004  -7.8688882729527538E-004  -6.3492275073434514E-004
   3.7375606266795903E-004  -4.4922162321153603E-005   1.2739462779372309E-004
  -3.6176375784313371E-004   5.4719298714155551E-004   7.8526206712991296E-004
  -4.0228348209842472E-005  -2.3531997919770930E-004  -6.9656285512563866E-005
   1.1848042627219596E-004   4.9036933518541810E-004   4.3995172144545460E-005
   1.7731481941320555E-003  -1.1682260657143245E-004   1.1748029967954918E-003
   3.7396490661627583E-004   1.9093253804853671E-004  -1.8349790599484777E-004
  -3.4621284918993343E-003  -3.9921977942682513E-003   1.2500916281097741E-003
   1.2559557625433878E-004  -8.0504854140682472E-005   1.3520218501908470E-004
  -4.9291217856973059E-004   4.2000796365329581E-005   2.9262738324629267E-004
   5.8616622059696338E-005   1.0155458576919011E-003  -1.8342133529638419E-003
   2.9360064209773322E-005  -1.1522476703346556E-004  -3.3439761433895211E-004
   9.9814575904651987E-005  -4.1737264541195907E-004   7.2520200875468089E-004
  -8.1261239666713294E-005   1.3465676537323547E-004  -1.3768943794874079E-005
  -3.9316769232612361E-004   4.7603691281851857E-004  -2.4294301711248211E-005
   4.6018035311243131E-004  -2.7744324877458187E-004  -1.2483031706425854E-003
   2.2726543045034731E-004   2.8222504251742598E-004  -1.4294209802137478E-004
  -7.3856131763567036E-004  -1.0698320477606368E-003   1.1551057043827995E-003
  -4.8475245759368145E-004  -2.3065988643668068E-004   4.8963307222604671E-004
   3.5793232481068651E-005   7.3358173672844775E-004  -1.1008221439869854E-004
  -8.5370963733637874E-005   8.1521352855185416E-004   2.7131332913558106E-004
  -3.0530350210758309E-004  -3.4661389703135481E-004   3.9068428445475449E-004
  -9.1168904237775390E-004   1.1334039895254846E-004  -2.1143816958464436E-003
