  -1.2811342031834758E-004   2.0775836685315906E-005  -1.3354524778638890E-004
  -3.9861378350873952E-004  -3.9100705982322571E-004   1.8661214666714263E-004
  -7.0317901870671712E-004   3.3807976518604146E-004   1.5703777869218178E-003
   2.6854431484121582E-004   7.7631273439247440E-006   4.1339033835683124E-004
   1.5140708218615176E-003   2.3056314419823876E-003  -8.2802693596231952E-004
   2.0115007146325324E-004  -1.6942211674654084E-004  -2.9214086230568739E-004
   1.9937598890502097E-005   1.2045939163177518E-004  -8.1542458876058936E-005
   9.0467894922037864E-004   9.0992237204204536E-004   9.9753313075333448E-004
   4.2223407898722590E-004  -4.8457220671535522E-005  -1.8940884439954187E-004
   5.9920942379376426E-004   2.7430812960838117E-004  -1.2329399208931007E-003
   6.1457115018712183E-005   2.2200455021927852E-004   2.7389652184171538E-004
   1.9151332937260291E-005  -3.2447182759592463E-004   3.9087551070208495E-004
   5.5158632737756317E-004  -1.1252099180554362E-003  -1.4316327138746232E-003
  -4.9136081500740440E-005  -3.6334993592150914E-004  -3.2862394515618845E-004
   1.0739372105700020E-003  -2.4778503326138165E-004   1.7180990211290649E-003
  -1.1903838660400927E-004  -5.1275143555747906E-004  -3.2933359322723368E-004
  -2.4182592866016150E-004   1.1587866271001859E-004   2.9610147832653219E-004
   4.2998343279788325E-004   5.7850670967049946E-004   4.6770810927629125E-004
   5.4883197121683531E-004   1.8080341334967051E-004   2.1854275317167437E-004
   5.2815558567938852E-005   6.7495341930061241E-004  -4.0690550494192936E-004
   1.6869027384354323E-004   2.0105859600001228E-004  -6.2459180289865115E-005
  -4.1001684283189352E-005   1.4417050792280020E-004   1.7403164383284246E-004
  -3.8192794218468417E-004   1.4245480800856045E-004  -1.1938006989545386E-003
   1.4890573788647014E-005  -4.0538443774750991E-004  -1.8661307543124171E-004
   8.5107635018913657E-004   1.7536563660098942E-003  -2.9854364855829490E-003
  -1.8323978500606316E-004   3.1125876503010976E-004  -1.6647124727087686E-004
   1.2433148617319319E-005  -5.3098534700509149E-005   1.2703991476204193E-004
  -1.8337828750247588E-003  -1.2397881605254121E-003   1.4182489146972689E-003
  -2.1012072915332465E-005  -1.1929240816251954E-004   8.7916474359413799E-005
  -1.1787276373740048E-003  -8.2015924950642170E-004   8.1122933422428703E-004
   1.6897231994955972E-005  -9.2452774913028820E-005  -2.4800762400935576E-004
  -2.5627127740876650E-004   3.9964717202283331E-004  -6.7955058349225498E-005
  -2.3887802312197746E-004   8.1926389667916669E-005  -1.6556870244334222E-003
   1.5137002672195425E-004   3.1599938079244957E-004  -1.3094541699454110E-004
  -3.0533627915696807E-004  -8.1598213411317958E-004  -3.0331723418505904E-004
  -9.0568125551164318E-005   5.1330755529064209E-004   6.9661731762688992E-004
  -6.8126673649280102E-004   1.2308611128176953E-004  -8.3289488560251129E-005
  -7.7998304247180476E-004  -8.1404113837738523E-004   3.8021667268180381E-005
   5.6811056266304304E-004  -4.9703561894164268E-004  -5.4035647300769809E-004
  -7.5583015645917868E-005  -6.7647939653019725E-004  -1.1741530539717431E-003
