   1.8027990818494447E-004   5.5288629222157711E-005  -1.3672373158650944E-004
  -3.2027232124200297E-004  -2.9074337177182480E-004   1.0332176800481065E-005
   1.1929731414422652E-003  -9.8932367057374829E-004   2.6502321312607129E-004
  -6.7654057969687522E-005   4.4031886312652846E-004   3.0563117841776418E-004
   9.8731867308362144E-004   2.5619832009009282E-003   2.6066455886897797E-004
  -1.3795399033007592E-005   7.1449570911787463E-005   1.0732620022639567E-004
   1.3098303375290403E-004  -6.2132649616643593E-005  -6.9728300964434737E-005
   1.0143310238607303E-003  -1.5155629099635529E-003   3.8951179466912558E-004
  -2.3503236466748090E-004   2.7289338591239982E-005  -5.5873719753587916E-004
   9.2413358033248839E-004   3.4803912127274756E-004  -5.3494512388487328E-004
  -3.1307899760340543E-004   4.4528456987330843E-004  -1.8366864111663339E-004
   6.0573650328681114E-008   4.0000237971096763E-005  -5.9172691158972769E-005
  -2.0862576898421584E-003   7.3925687235954353E-004  -1.9629821219304998E-003
   8.2300983318112450E-005   1.6699603969585404E-005  -1.2012383312627617E-004
   1.0770161665070177E-003  -1.8527534562078841E-003   3.2539738309280380E-003
  -1.3595321918897756E-004  -4.7007306436537078E-004   8.3733242388709682E-005
  -1.2650219904503909E-004   3.2408033182903308E-004   7.0369524195714698E-004
  -3.6179682526467594E-004   1.0899953589344903E-003   1.3732893526181022E-003
  -6.4839780707300532E-004  -1.6139804160219970E-004  -5.5021848028624415E-005
   2.9137526744688960E-003   2.5660381697209826E-003   1.0360430964123368E-003
   4.0841350005646129E-004   3.1338936803340973E-005   3.1959058527150999E-004
  -3.9379936003774741E-004  -7.5176063078986563E-004  -5.4733812753436466E-004
   7.4169516744486820E-004   1.0224022271631951E-003  -5.2446571094800533E-004
  -3.2395622166206715E-004   2.2452933382410178E-004   2.4070892452947353E-004
   2.0507362645563868E-003   4.8434191880092630E-004  -7.7307082610588991E-004
  -5.3218617800345317E-005   1.5320432785341940E-004  -1.3927800682185211E-004
   2.3413513167598637E-004   1.2396331115644319E-004  -1.9400733343982672E-004
  -6.2199023965418094E-004   2.2421975546426558E-004   1.6552715412754047E-003
   3.1767340020767145E-004  -2.4649479036055786E-004   2.6460619074903567E-004
  -1.6397746769910657E-003  -6.8507595130711918E-004   3.3844300846622535E-004
   5.1984809963101324E-004  -2.3465526755524159E-004  -4.3964292789613213E-004
  -1.8507327265720536E-004   2.0981134915049195E-004   6.1384581058162647E-004
   1.7518738331914595E-003  -2.3780062912953656E-003   1.3092517057189924E-003
  -1.4020062817509207E-004  -3.8188108114189018E-004  -2.5078632087586995E-004
   5.6412997842587452E-004   2.0098487359074442E-003   5.8184691839905037E-005
   5.9218982006799476E-004   6.9564803981968530E-004  -1.0713497618000343E-005
  -3.5310576980561914E-004  -1.1285020559381176E-003  -1.8872801190671456E-004
  -4.8585698256278315E-004   7.6242331004934788E-004   2.4010557348643057E-003
   7.8276290364430871E-005   2.7309281933282360E-004  -9.3822828825653620E-004
   2.8085013337624982E-003  -2.7357763917717771E-004   1.8707841247997611E-003
