 N     7.0        -0.06387116040372        -0.00542087458993         2.35513898654568   14.00307401
 C     6.0         1.20453614224279         1.97948708765491         1.19666068215346   12.00000000
 H     1.0         2.32230893196176         3.49360140349884         1.99259920127209    1.00782504
 C     6.0        -1.40073039270500        -1.65823154270192         1.12169840546875   12.00000000
 H     1.0        -1.98214438406245        -3.66652125490563         1.78638423638657    1.00782504
 N     7.0         8.61279807892628         3.56219096840674         1.50418360958896   14.00307401
 C     6.0        10.58307236638044         2.02847498696264         2.11527367659869   12.00000000
 H     1.0        10.36311061345642         0.72267022825269         3.57761969286183    1.00782504
 C     6.0         8.99870929402671         5.42468464155583        -0.21748256636959   12.00000000
 H     1.0         7.28177696229934         6.64145468615003        -0.44670035554539    1.00782504
 N     7.0        -5.24072865647536         3.68998968823498         6.50656112384489   14.00307401
 C     6.0        -6.26031478203074         5.56423826818843         7.94492279324869   12.00000000
 H     1.0        -7.25733013477646         7.02269386677240         7.22369980717997    1.00782504
 C     6.0        -3.93291742000176         1.89071529827068         7.61358585624130   12.00000000
 H     1.0        -3.36483058706927         0.28561018512074         6.42644394588381    1.00782504
 N     7.0       -13.04724138416916         7.14548228135117         7.86185892872839   14.00307401
 C     6.0       -14.98812014818527         5.24068363300293         7.63526322720347   12.00000000
 H     1.0       -14.66566335413680         3.85895289732979         6.04133308878541    1.00782504
 C     6.0       -13.54510749181937         8.69372370871246         9.75457734247121   12.00000000
 H     1.0       -12.13242993197691         9.80798712260367         9.90984651088714    1.00782504
 N     7.0        -0.16035916283817         0.24577925013452        -2.82243385246748   14.00307401
 C     6.0        -1.60638338740947        -1.35100329547815        -1.54694654066954   12.00000000
 H     1.0        -2.83164312447443        -2.91583352784801        -2.61872780210761    1.00782504
 C     6.0         1.25032307876079         1.84969772922471        -1.56243687611467   12.00000000
 H     1.0         2.91697736119704         2.99639738353821        -2.06294174977170    1.00782504
 N     7.0        -8.18051676021914        -3.73038968035971        -1.31722785182703   14.00307401
 C     6.0        -9.85983802285231        -1.94304851030851        -1.72599311042213   12.00000000
 H     1.0        -9.37274692634311        -0.64731946174964        -3.36309906546504    1.00782504
 C     6.0        -8.61766700408395        -5.49512882293443         0.41599989964901   12.00000000
 H     1.0        -6.92661536470876        -6.78830367828163         0.54921104752823    1.00782504
 N     7.0         4.88767329705112        -3.35730953707993        -6.80659448485608   14.00307401
 C     6.0         6.25805302639936        -5.05382536101215        -8.35159270816455   12.00000000
 H     1.0         7.76885896598033        -5.75158831951614        -7.41404267422465    1.00782504
 C     6.0         3.33440446426014        -1.76718638554011        -7.91066878988607   12.00000000
 H     1.0         1.96738332367288        -0.64671192667509        -6.98188017240983    1.00782504
 N     7.0        13.29490868822294        -7.51013778473826        -7.37555356206915   14.00307401
 C     6.0        15.12488723569155        -5.51402995576783        -7.44385748292089   12.00000000
 H     1.0        15.23483881809485        -4.28039681089885        -6.05702514488002    1.00782504
 C     6.0        13.59894087896111        -9.19082303522122        -9.07963941090493   12.00000000
 H     1.0        11.64123597838972       -10.32859471089968        -9.52943724201474    1.00782504
