   2.9274241596734604E-004   3.3222666125242302E-004   1.7788084317297791E-004
  -2.7719869455943946E-004  -2.7032276903847795E-004  -1.1139317228742324E-004
  -6.2253523251179770E-004  -2.7800811440170962E-003   6.6968382375217944E-004
  -6.9414170354942673E-005   5.1192647493814849E-004  -2.8749016372568226E-004
  -2.3295209635912199E-004  -1.3256945279161740E-003   3.1299008382480831E-003
   1.1810183351270580E-004   2.1445720928072151E-004   1.0822352146187051E-004
  -5.2750494685620898E-005  -1.7709375051120190E-004  -2.1907841562801174E-004
  -3.3274489754665505E-004   3.4787473374388626E-004  -5.1304865710997099E-005
   9.4923945860670494E-005  -4.2422936851557491E-004  -3.6550282836755735E-004
   8.9306189695241187E-004   6.8143001915121893E-004  -9.3267419662117624E-004
  -1.5726629574022827E-004   2.3203284298996309E-004   4.7778158617959962E-005
  -2.3534113305319102E-004   6.5561135687609014E-006  -1.8752014373474469E-004
  -4.4757225498726556E-005  -1.7393370030016929E-003  -1.8184753788896322E-004
   9.9656689545453040E-005   1.5362455518765964E-004   8.8542220821105400E-005
   3.2672818104971253E-004   1.3734944854690706E-003   2.0454611154020535E-003
  -4.1482615379845512E-004  -6.5960441702307845E-004   2.4398329290294346E-004
  -8.8813429040655615E-005   5.4292053333247802E-004   7.1527712088107420E-004
  -8.1373276288883723E-004  -3.8890136331357300E-004   2.8457039785843613E-004
   1.3205928268776739E-004   3.5465365594274520E-005  -3.7588283841835272E-004
  -7.1627115487389137E-004   1.3171361011160431E-003   1.2035690666607993E-003
   1.7657983773206967E-004  -1.7631863553917873E-004   1.4551978397861471E-004
  -4.4366040127662730E-005  -4.7749641279196342E-004  -4.2523333622728160E-004
   1.7989320500800664E-004   1.1708281748949209E-003  -7.6668437468067896E-004
   1.8674059018099640E-004   5.0002446364372460E-004   4.2521029294851324E-004
  -3.4290396631904865E-003  -2.5311367450957939E-003  -5.6021117187173605E-004
   1.3643007657904545E-004  -3.8516041258861970E-005  -1.4227936588710754E-004
  -2.1500626277355062E-004   6.4620837366806253E-005   1.8628908968654185E-004
   3.3099324892526963E-004   2.6073436264012584E-003  -4.5789723838305599E-004
   1.8048936575572672E-004   1.5827734800338559E-004   5.7834116096179567E-005
  -6.4046609281343577E-004  -1.9999988795258127E-003   6.9354344569793594E-004
   4.3861363984986929E-004  -1.5847659818084576E-004  -5.9351081357560554E-004
  -1.7847700496796023E-004   2.0627855104112818E-004   5.3042396206660772E-004
   1.3100018395059826E-004  -1.9188836346844531E-003   1.9443229063995505E-004
  -4.2594060429468430E-006  -3.1068611704525279E-004  -3.8496492079491613E-004
   9.4566092141194508E-004   5.7575175668130442E-004   9.4754998144077501E-004
   2.1473579292810821E-004   4.3864200414592551E-004  -1.2978947842843440E-004
  -1.5719993921706606E-004  -6.4420161338405802E-004   4.2113852722067688E-004
  -1.1593799946967161E-003  -8.3429761290135110E-004   9.7914595968027124E-005
   2.1320655336334483E-004   3.8010532428174576E-004  -9.5829074903260123E-004
   3.0375576706433245E-003  -1.6655055924497094E-003   1.0645848204826945E-003
