   3.4614771793739593E-005   9.2560921807244639E-005  -1.8755407495183878E-004
  -5.3859857424170584E-005   2.1543413590313250E-004   2.5462961887773213E-004
  -1.1396245451030843E-003  -1.0474577546375128E-003   8.3944037111950112E-004
  -8.0431298025189179E-005  -1.2937879668773624E-004  -1.1215257581121431E-004
  -1.3303132585838723E-003  -2.3178132881928539E-003   2.0562705920663129E-003
   2.5972411551363167E-004  -2.4041286895233474E-004  -4.7935589500216211E-004
   9.6136056513454184E-005   3.0818327554066316E-004  -2.3593536404483555E-006
  -7.4016826210557805E-004   1.5296148222030419E-003   1.1448973518804043E-003
   3.4694553497644957E-004   1.4289009336903363E-005   1.5283005085182403E-005
   1.1383432243807398E-004  -8.9455213896268745E-004  -7.6136200368152852E-004
   1.0266646376236934E-004   1.6635372851607873E-004   3.2899634719795926E-004
   3.5905213048723853E-004  -6.8295509537231937E-004  -2.9709912536101014E-005
   1.9589479816703188E-004  -8.3398855578738066E-004  -3.1228520789809407E-004
  -1.0652815965305717E-004  -2.4014054426652008E-004  -1.5469478568948340E-004
  -5.7241684748253962E-004   2.9190593600648599E-005  -2.7438016346103527E-003
  -2.5856527664775829E-004  -4.0305915246313461E-004  -2.1346358222030452E-004
   7.0327813474239248E-004   1.8847693995183254E-004  -3.4964709615635308E-004
   4.7685185531976952E-004  -6.2573790131118781E-004  -4.7329084109037732E-004
   3.6032181816027025E-004  -5.8301062035367833E-005   1.3903928265370029E-004
   1.9794849347244317E-004   1.1315423195918778E-003   7.4953648912315526E-004
  -2.6748572161785827E-005  -2.0008832229001706E-004  -7.9448202280020603E-005
   6.4512328670126280E-005   4.4357490662432842E-004   2.1549646073633740E-005
   2.1911616228560099E-003   2.4140625457803766E-004   1.3900115139625642E-003
   3.7403545248017263E-004   1.7314117560318965E-004  -1.9646157327366719E-004
  -3.4391545861087907E-003  -3.9178138475976327E-003   1.0088323385888524E-003
   9.8804720014127826E-005  -4.6168721633724960E-005   1.1698752026489990E-004
  -4.7413175158889825E-004   2.8956680066542206E-005   3.0306458675565288E-004
  -1.1199155679071742E-004   9.8633101764048956E-004  -1.7407774821347475E-003
   4.5297368843388127E-005  -1.3763941062758169E-004  -3.1120085673275302E-004
  -1.8088654908558752E-004  -2.7191213188724859E-004   7.6859612290485955E-004
  -6.7515664845214682E-005   1.0855954906891172E-004  -3.7790663843720617E-005
  -4.4618201328992080E-004   5.3328182150773481E-004  -2.0144612329732355E-005
   8.2581227310028846E-004  -5.9062863903668039E-004  -1.1421433424323581E-003
   2.5204595330311728E-004   2.6399652445759509E-004  -1.8556102661346327E-004
  -9.5833131923489588E-004  -8.2188186828456990E-004   1.3746140413356046E-003
  -4.7207140706052701E-004  -1.7535946764822829E-004   5.2102966974799361E-004
  -5.4070078239265738E-006   6.7883331529646916E-004  -1.4050910182407999E-004
  -2.1678712338252408E-004   1.0489901944181479E-003   6.5323246194545271E-004
  -3.0208684172601579E-004  -4.2131319095018192E-004   3.2948348528713425E-004
  -3.7395381387244194E-004   5.9576427979763931E-004  -2.0601518259829536E-003
